0,1,2,3,4,5,6,7,8,9,10,11
204.0111258963323,-0.16803773268033403,-0.5810373526418132,203.67612269746957,-0.2091113731127319,-1.2157312484423717,-0.17749989811069392,-0.657727093830242,-0.18592331532194634,-1.3482854068701875,-0.8033290788205107,0.024394610395323073
197.50701216593387,-0.12385776705494418,-0.5112264870721362,197.26449290389405,-0.15386918492766688,-1.19051396256135,-0.11496291740538608,-0.4268605653627974,-0.10045380925893066,-0.8694586870737371,-0.5246597575252337,0.011490337495997123
180.1245578675753,-0.004047769679031248,-0.3187596019118078,180.1270982335602,-0.00447799105606432,-1.0657683890353526,0.038975855866245565,0.154463684236183,0.0896949915113722,0.318920341072218,0.1769525090933423,-0.014909478076442436
151.4969726181839,0.19439801248022315,-0.004476538760607274,151.90177947199018,0.2427105066132239,-0.8414510325062995,0.29478624962124744,1.1365700595822772,0.3942673063056767,2.3090374550030233,1.3599548754805704,-0.055108698637918875
113.05289108379849,0.46214553202240694,0.4090917536821427,113.9965297699624,0.5759515493512669,-0.5347576517500763,0.6438980060522114,2.5027468324971527,0.8020475011995558,5.052244662953467,3.0003168522334946,-0.10638422878570761
68.0591408873828,0.7771069350647918,0.8784043964324779,69.63182435958991,0.9676141609698381,-0.17969402318087446,1.0563139474998713,4.1594595650208515,1.2793387436133417,8.340181201218059,4.979847087978426,-0.16300136725437578
21.144652415444458,1.1076035834050848,1.3456925367325125,23.371375299732062,1.378153433635521,0.17823095017593227,1.4846032351586427,5.949091371346968,1.7754781720401234,11.833220471652943,7.1023456604650885,-0.21729137588007266
-22.654424549419197,1.4188696857435927,1.7509873561766789,-19.81925263144961,1.7642482583315118,0.4915320913489962,1.8745945909947934,7.685714665833965,2.2349493222268992,15.137739735572378,9.138563528796094,-0.2617287659293133
-59.035472058282295,1.680905273041307,2.04571222142532,-55.69740836284025,2.0886159026717253,0.7215361391885735,2.1796052315230474,9.201165624897552,2.611525243303134,17.906962783757347,10.88513389237114,-0.2913938417592905
-85.34356666556627,1.8748380815503187,2.2030026922407195,-81.64484521023002,2.327955291445881,0.8465185043606618,2.3724469086919675,10.380694384510173,2.8779541305760117,19.923200218422515,12.212799574311628,-0.30585139225870434
-100.95733198943311,1.995692270231617,2.2214314080105226,-97.04839105189046,2.4763903634411197,0.8645081049514116,2.4505855653589093,11.175818764062692,3.028220216012243,21.13295052289501,13.087085880589408,-0.3096206331927728
-107.09543823569787,2.051179091331583,2.1218202926077123,-103.10936936046568,2.5439256096052643,0.7905640632918407,2.4334787199168812,11.596698479512682,3.0740427116979934,21.631735602249954,13.558620855650167,-0.31089278427915273
-106.21027519218592,2.0576296222074593,1.939294925611985,-102.24586481371777,2.5513050448371626,0.6503867381861311,2.3542406469412214,11.69452151946105,3.0389189064135183,21.612867174526134,13.730736669953151,-0.31885646062446876
-101.22568745158915,2.034824759467575,1.713670099149455,-97.34107342310463,2.5234659649464666,0.4728748462418295,2.24872328458753,11.543849210058761,2.952289928280408,21.30232329086792,13.718975213485868,-0.3407550317247816
-94.85113430548542,2.001318594151945,1.4808920446343241,-91.06686851941012,2.4835941660140173,0.28384210221154965,2.1453863344106554,11.229143734981664,2.844972737096862,20.90136780254998,13.618653239193595,-0.3799524573810258
-89.11888145708578,1.9712648671109454,1.2672578343925884,-85.42722542059735,2.4490696306273807,0.10213930719136732,2.05931610995506,10.834504128231845,2.7457363762724536,20.550686878635396,13.490348207923267,-0.4355477587886651
-85.19215263482566,1.9530769110955948,1.0870081741136148,-81.56887488794115,2.4297499917323893,-0.061585589101123106,1.9921159168562088,10.4352315978838,2.6783263979853507,20.319513732252535,13.362399526226463,-0.5032741730407574
-83.41190781485254,1.9496977774064166,0.9429551360081825,-79.82738751269568,2.4283418601909648,-0.2039956738394768,1.9367977041200752,10.091647090731227,2.6586499081946497,20.215084174069858,13.241959404811848,-0.5769333952829474
-83.50262661704404,1.9599320396369415,0.8292212776309469,-79.93019941909205,2.4421872635575994,-0.32690537796441843,1.8847033889678848,9.845616791955862,2.692682125308501,20.203621343542824,13.125898307051656,-0.6497312583316005
-84.84416244879672,1.9802039875094142,0.7349708347317225,-81.26489974233299,2.4656599072188827,-0.43474423159040665,1.8309058001482659,9.718879839788134,2.775993666875213,20.233893810989453,13.007615053069935,-0.715457356387358
-86.72966539710535,2.0062053364506145,0.648128698546476,-83.13381880268525,2.4924627736803,-0.5323522834426455,1.7759824013812948,9.712550579316721,2.895362379211933,20.257038748862147,12.88087395572293,-0.7697035621908455
-88.5572487058771,2.0340946356490823,0.5583639763179458,-84.94324781299589,2.5173476489011857,-0.6235346700505633,1.724570381999292,9.8091515868543,3.0320051975479116,20.239672729563594,12.743217024457435,-0.8111027841357223
-89.93425685255599,2.0611280023526466,0.45893922976944723,-86.30639012757806,2.5370427786923453,-0.7104981345375796,1.6828693135179988,9.978510911440688,3.1652432568071704,20.16949191917798,12.599107032935077,-0.8422237246616359
-90.69927298526093,2.0857796348318725,0.3473311414282989,-87.06507876194131,2.55040841303634,-0.7940162141828471,1.6574038661998807,10.18639575876159,3.275557334914408,20.053637285075435,12.460406641513114,-0.8696523514162198
-90.88383480759924,2.107520928757494,0.22478572288187193,-87.25191018571489,2.558006417240775,-0.8739854072509146,1.6559399916573767,10.40247042197434,3.3468573769688845,19.911406410046133,12.342068972551616,-0.903010225909364
-90.64232737071497,2.1264594119118874,0.09515854620349495,-87.02087963403099,2.561357458895814,-0.9500006362152913,1.689404779029958,10.60360348541641,3.3685477889380144,19.7645424083482,12.25379504652522,-0.9530259759309502
-90.17648464385528,2.143003221796273,-0.03651829001585494,-86.57263176946512,2.5621662105119625,-1.0216961281049874,1.7723689151956623,10.77052633704228,3.337721943345385,19.629074975937822,12.192125939979237,-1.0290960188999319
-89.67355296748632,2.1576427136653584,-0.16532811609452258,-86.0931956074032,2.56173070048657,-1.0887945980138027,1.9202979819927617,10.88012303007508,3.260704898790654,19.51190645960775,12.138594610873955,-1.1369879546075878
-89.26784916733845,2.170864179220276,-0.28734307501662393,-85.71588504998515,2.5606438168899466,-1.1509799470645967,2.1443432475549433,10.89926972386569,3.1525412115238454,19.412994423745563,12.06607230589769,-1.2774641969773644
-89.02693651451771,2.183157407709748,-0.399984762866044,-85.50762032055745,2.558784549858162,-1.2077802586799948,2.4461212148144726,10.785393592984656,3.0337470862028955,19.33132527018426,11.950358904187388,-1.4464326119479116
-88.95761913664371,2.1950578050577274,-0.5019278549634758,-85.47492806398432,2.5555190015663287,-1.2586033295867347,2.814603247164876,10.494170290517548,2.925320453506584,19.271370298218674,11.781368483807837,-1.6366629527498824
-89.02398297359146,2.207170978756727,-0.5926866726153999,-85.58189656377346,2.5499994558971233,-1.3029505835388315,3.226255311204614,9.990651920819008,2.844240326899372,19.24644274582813,11.56916217379938,-1.8402362860254826
-89.16947288882572,2.2201508868862447,-0.6720640336958255,-85.77211324171947,2.5414578927969433,-1.340717230108647,3.648373436437743,9.259739375265777,2.801093271736413,19.27632415956539,11.342955007770058,-2.050343966134215
-89.3366567970508,2.2346271490646004,-0.7396602447288663,-85.98827193527116,2.529424376359203,-1.3724231027423777,4.044121046220231,8.314458216324208,2.7997798422287867,19.37869675404208,11.143575441547128,-2.261394576495836
-89.48089655073629,2.2510947385035007,-0.7946311422489685,-86.18570513671847,2.513843965191834,-1.3992321717470733,4.377058803506335,7.202624280780744,2.8383272665149306,19.557217619055365,11.011177160916645,-2.4674456087756083
-89.5767478420743,2.2697917404934675,-0.8358200964938196,-86.3386858969186,2.4951007580556457,-1.4226994486769593,4.61372674895117,6.011407921665283,2.910133128843186,19.792004226849752,10.971493339092348,-2.6599680061499553
-89.61794806682816,2.2906015359118275,-0.8622558358453327,-86.44036001663794,2.4739730499786896,-1.444299019730189,4.724839866116136,4.865962387391234,3.005603665788712,20.038107139554118,11.025342289843737,-2.82633817018618
-89.61303947492604,2.3130197119517764,-0.8738431234549888,-86.49834489041191,2.451540701529545,-1.4648897761155935,4.686989691957157,3.916940702476038,3.1143045560282596,20.23400400178705,11.145944677340093,-2.9502746315181327
-89.5790113898103,2.3362125109900758,-0.8719663918859362,-86.52837387733909,2.4290565686162395,-1.4843196312404345,4.486231686459601,3.315404408007771,3.227138525558749,20.317613436662043,11.285940840980597,-3.0147193483192134
-89.53502376574332,2.3591603019619827,-0.8597510555389292,-86.54806193346425,2.407790456026025,-1.5013303915462433,4.12299410144722,3.1805742100174257,3.337338092542062,20.244212171767327,11.391895525864921,-3.006410890851357
-89.49758372756413,2.380841666979122,-0.8418645038361312,-86.57218984289904,2.3888606539514377,-1.5138179557956768,3.615972884271792,3.571318857678159,3.4394164622535257,20.000110384820825,11.420858520309531,-2.9202905651349704
-89.47776963504823,2.4003959667470496,-0.8238955675934094,-86.61011717005434,2.373079422554331,-1.5193704464854556,3.003132722292741,4.471512842360572,3.5265589872329315,19.60775701444447,11.353088905848772,-2.761818293513712
-89.48044238819294,2.417218582357571,-0.8114516520888402,-86.66524536318302,2.3608449071533317,-1.515902437212492,2.339457310454968,5.793006068437134,3.5883083809009144,19.121182343895065,11.197111761893098,-2.5463021985130077
-89.50496348679368,2.430983103761263,-0.809148904419875,-86.73599165497339,2.352106229678238,-1.502170513029574,1.6918971383967283,7.392103209027063,3.610834446917952,18.613929234306674,10.986085945744156,-2.2956932024737213
-89.54677644234424,2.4416208933747496,-0.8196760784752,-86.81754955219209,2.346412733114391,-1.478015097991235,1.1323175502963285,9.091040478179732,3.5808883917558205,18.163691020491367,10.767310834344784,-2.0340090389933314
-89.59925546223974,2.4492971886246453,-0.8431121561611061,-86.90377097524588,2.3430391405830395,-1.4443017633648745,0.7287035323624511,10.69836406348266,3.4921972342172056,17.83788673762894,10.589618316966611,-1.782575637149939
-89.6553942121174,2.454402055720316,-0.8766653698238882,-86.9887157768411,2.341160022561276,-1.4026604738531872,0.5343823194343522,12.028701705576797,3.350986274423915,17.682992231247482,10.49420753462492,-1.5563178108607105
-89.70910210485731,2.4575427960747547,-0.9149500678707214,-87.06766410280495,2.3400321873794683,-1.3551704480669449,0.5759031667462866,12.92610312095313,3.1771901570931496,17.71879296593656,10.511379309742676,-1.362227680618003
-89.75602831406636,2.45950625971465,-0.9508092250648679,-87.13758859672356,2.339138699680817,-1.3040947349206062,0.8424926572833018,13.291327965425847,3.0001895589544727,17.937260585379864,10.66092139789067,-1.2003152055312827
-89.79392468033006,2.46116787607124,-0.9765463799592542,-87.19719834929582,2.338260354201965,-1.2516796581355685,1.282203221629239,13.106158910881664,2.8509301543518264,18.304999644254764,10.951669673492642,-1.066287413498963
-89.82260437827009,2.463352515421225,-0.9853115556507397,-87.24670146763236,2.337467504413898,-1.1999683551508713,1.8091605641283461,12.44505479119903,2.7537624806371013,18.76847893940424,11.377727334408574,-0.9545368421355998
-89.84357813974684,2.466680722218138,-0.972340818381489,-87.28741929554057,2.3370524872820977,-1.1505751360040914,2.3221065685165483,11.467928357823261,2.7206287842781243,19.26187485954902,11.912897739573024,-0.8601080557006417
-89.8594702372922,2.4714453927186715,-0.9357838903933533,-87.32135426321763,2.3374350225646237,-1.1044202537629415,2.7289647267946604,10.393444844304435,2.748637656421372,19.717347357137943,12.507514445301613,-0.7791458327095401
-89.87333799809106,2.477555850249935,-0.8769479455418525,-87.35078324278294,2.339067653284976,-1.0614899747117417,2.9685158947840837,9.457118450719692,2.821046379438215,20.076522361477704,13.091551392200547,-0.7082823850492893
-89.88803399536114,2.4845665743403194,-0.7999163947365218,-87.37792413150639,2.34235550779997,-1.0207194176298702,3.0212420135133184,8.862962647325443,2.9112777415525635,20.300623080950356,13.585386112145548,-0.6439849400108693
-89.90574062315613,2.4917846136863275,-0.7106448056857466,-87.40470227753329,2.3475944200619874,-0.9800748173221802,2.9065492068247387,8.740828936283016,2.9893380075319387,20.37647724087527,13.916015029503438,-0.5826085676622054
-89.92775735317464,2.4984276917616715,-0.6157585152392386,-87.43261966859848,2.3549266835132583,-0.936848057525139,2.6695994780461354,9.121473049711307,3.02929634895884,20.316944557347163,14.033686583396824,-0.5210698043649138
-89.95453994380159,2.5037905838952823,-0.5213409991861374,-87.46270428425652,2.364313020032805,-0.8881030787147545,2.364574691275741,9.936723233727616,3.0155702762621432,20.156460438092132,13.9235181160029,-0.4575431377832251
-89.98591428053376,2.507378303013821,-0.43198309700307136,-87.49550200197214,2.3755212805285124,-0.8311694553660218,2.0407825376747546,11.043848171358439,2.945920747621828,19.94374991651087,13.608876880265907,-0.39179615597159057
-90.02135320139251,2.5089812413151775,-0.35026153909940094,-87.53108156803775,2.3881353665118885,-0.7640808674980607,1.7351511143338179,12.264495890383369,2.8305893848062462,19.733477579732494,13.146617597707216,-0.32520135158962343
-90.06021943495428,2.5086890551557213,-0.27666811764466526,-87.56905029919984,2.401588927903389,-0.6858904012980651,1.4709924603375213,13.424316680794325,2.6884530894491148,19.577679786360896,12.61660021803902,-0.26061057965919077
-90.10191861105707,2.506854842253168,-0.20988375219454236,-87.60860326809488,2.4152251547431423,-0.5968285177967011,1.2604058179044952,14.38258708267043,2.5417767473774973,19.517465164452478,12.108316049528733,-0.20219701768501225
-90.14594897398513,2.5040256204986595,-0.1472397390123597,-87.64863162029148,2.428376921446122,-0.49828311872870545,1.1075413962956333,15.048414731368098,2.41115492832053,19.575765918451467,11.706477872542083,-0.1552415181983669
-90.19186893566963,2.500852628587992,-0.08523661527147841,-87.68789413334625,2.440453409551908,-0.39258205444129735,1.0113446057353457,15.385257241126144,2.3116466255712558,19.752350582627123,11.476547420706277,-0.12577524925834935
-90.23922738653235,2.4979891550881903,-0.020058959522302577,-87.7252264248225,2.4510139788221412,-0.28257214438424755,0.9678718861451999,15.406727136803562,2.2504626811395054,20.022356080079035,11.45165550323692,-0.1198529339085868
-90.28751123728067,2.4959784249771584,0.051915588994516704,-87.75974472893446,2.4598122514805327,-0.17103438655650482,0.9720911919426006,15.166805092343363,2.2262165844880704,20.339015270842463,11.624068692664869,-0.14217833775914954
-90.33615554372753,2.495136790316543,0.13359618851208382,-87.79100399508769,2.466804978546041,-0.060044796620814966,1.018118279295707,14.748621401874601,2.2297783337569013,20.640350023514323,11.945285297141906,-0.19412132596882126
-90.38463293496325,2.4954531797766895,0.2266718813039767,-87.81908529771397,2.4721344265849483,0.04955146052001502,1.097343778984282,14.25466048459729,2.246881481747424,20.85913604698758,12.337426640464846,-0.2716844906535856
-90.43259846315246,2.49654645124527,0.3312279552732211,-87.84460237173748,2.4760981896878578,0.15837837637430993,1.1955779083790703,13.795721150954387,2.2623225377796947,20.935355168534528,12.71492968572357,-0.36446884342433206
-90.4800312067082,2.497726750056845,0.4456522349803855,-87.86862557001236,2.4791129921567765,0.2683664574446405,1.291743675937329,13.474411622930694,2.2649884349758147,20.829812391899274,13.0107537901799,-0.45684913709729386
-90.52730566282844,2.4981783198477236,0.5669417324715246,-87.89252460430794,2.4816677726644683,0.38219124489319095,1.3601034399276164,13.365777955179155,2.252370659637484,20.536577642746213,13.197371088258274,-0.5319046611862582
-90.57515050801031,2.497226264345228,0.6913583097811271,-87.91773124749095,2.4842567317572337,0.5024568007684003,1.3752307851412426,13.504139036878652,2.232823340482841,20.09113507445644,13.292361980568637,-0.577240421705666
-90.62449389286715,2.4945981889882836,0.8152252664830891,-87.94542405028105,2.4872887051808745,0.6308947633646692,1.3170997154630677,13.88294901736759,2.2241075937715515,19.570983455286488,13.343170511728413,-0.5906048850969843
-90.67623055382505,2.4905746783796494,0.9356089833218943,-87.97614851233094,2.490983066495827,0.7679046561666549,1.1750684081774092,14.465516894526582,2.248030930809037,19.08605548733982,13.394152107001622,-0.5828872189797978
-90.73096679020796,2.4859519987869705,1.0506975117258541,-88.00941587593721,2.495279945060358,0.9126936650857242,0.9515835527303519,15.198241923622186,2.3226019278456653,18.758488997774567,13.447400826373036,-0.5765563424551934
-90.78880764769991,2.481803929322,1.1598041099593626,-88.04336511764896,2.499806304787083,1.0640837013609836,0.6659206716945605,16.0206491070517,2.4541462546461688,18.69525720496081,13.432624528817588,-0.5987324021312097
-90.84924892497108,2.4791017425343878,1.2630283199822792,-88.07460021007302,2.5039387766786025,1.2218105813163027,0.35579347137870454,16.872817368336385,2.632136933816453,18.96151558871793,13.198495690936443,-0.6699852361244205
-90.91122164170947,2.4783086227751308,1.3606862344225852,-88.09829560800257,2.5069811837777998,1.3879484168777732,0.07316907962638314,17.70338583483251,2.829190773952346,19.565219421228477,12.530722614775893,-0.791863071885498
-90.97330699505414,2.479092314815577,1.4526759781271354,-88.10858029026802,2.5084312698850644,1.5680234520815386,-0.1276381405935386,18.479289171448062,3.007760395699442,20.462803159240266,11.194077025111577,-0.9369754517186589
-91.03410034744361,2.480288493724972,1.5379572952517697,-88.09908213426681,2.508261234025947,1.771437952581335,-0.2070754682360234,19.19512806405512,3.133454292740103,21.590634030236792,8.98970754411847,-1.0453287814904633
-91.09265996452322,2.4801933708591215,1.6142805157808127,-88.06339190356249,2.507101822537117,2.01095758755717,-0.1559012364537836,19.879215657212388,3.192625026058882,22.918675610435987,5.817616098448034,-1.0295584166599308
-91.14893845627458,2.477174158352537,1.6782143387611317,-87.99515627830638,2.506218500016582,2.301177159251055,-0.00191941085356985,20.59544181598817,3.209563352728607,24.5138092475267,1.734972175801087,-0.7896774393448076
-91.2040746165749,2.470481718329688,1.7254273768903432,-87.88758283404307,2.507207115296686,2.656057003421444,0.19630311029915004,21.441592011803532,3.2572508847900052,26.59328580345877,-3.0001704560148936,-0.23552894419490614
-91.26043091334915,2.461063175617813,1.7511061173619233,-87.73234056411421,2.511408892863306,3.085825598519816,0.36855322351760333,22.542985232741263,3.4558994317326737,29.545902665165805,-7.913825839305929,0.6868215242343572
-91.3213011878375,2.452133958253429,1.7503614199288906,-87.51811059878814,2.519134514596976,3.593766053958462,0.4598735453741754,24.03827041888416,3.9561536958644057,33.90167284606831,-12.345642250637225,1.969696503188525
-91.3902838761945,2.4492935698449103,1.7184947471602694,-87.2292881344201,2.528873078060359,4.173594752207118,0.45555351441604774,26.055601266039332,4.908329753222769,40.24138057188382,-15.533751929486002,3.525480521957429
-91.47040830583776,2.4600504754662826,1.6510635341747772,-86.84547015320916,2.536720305385865,4.808209598449,0.3933096264327828,28.68112628056037,6.423451266614388,49.05415624329667,-16.751679903535358,5.182035731877612
-91.56318882492617,2.4927371595702104,1.543795606283792,-86.34232925891003,2.536267701134151,5.470441952533877,0.3573295700458444,31.9263550821382,8.53412336572194,60.56952117560254,-15.475038286282063,6.697249460430281
-91.66783264356192,2.554928232683113,1.3925271868462255,-85.69424855713041,2.519131222248154,6.1260526271417906,0.45732238310292506,35.70549169820312,11.163408474082951,74.60429876160437,-11.53800431565441,7.794251730981418
-91.7808268841637,2.651617330383138,1.1934140021435424,-84.87868459215238,2.476162091343519,6.738622282346886,0.8000178856922915,39.83230086087157,14.11001620424515,90.46987599274159,-5.23051369845045,8.213271860970735
-91.89607868518678,2.7835512812770467,0.943631488530999,-83.88168876895557,2.3991966099307374,7.27534775977796,1.4595059746799923,44.03536634284584,17.058615598532196,106.98055535001318,2.7085315398226313,7.77049477047361
-92.00568199653364,2.9462121436343973,0.6426458750659199,-82.70346672230575,2.2830086731343595,7.71228200781221,2.450811748456483,47.98072923189184,19.622165821291464,122.5887675630272,11.227430579282162,6.409299914032016
-92.10124426889121,3.1298948278843888,0.29395623771340784,-81.36247177167677,2.126978770332705,8.037479694819227,3.7110328084183735,51.29154326387296,21.41568580396201,135.64427747228365,19.217326941794248,4.225895004783289
-92.17555403770335,3.321093571344987,-0.09299002427715841,-79.89653519196635,1.935939390446683,8.251011978365128,5.093441921353028,53.563208504982946,22.147593427393105,144.7315572070342,25.825571889869156,1.4534386747516876
-92.22425229048368,3.5050217320206203,-0.5012087649261368,-78.36008841563459,1.7197491145203778,8.361893043101805,6.37985736093083,54.38203935854064,21.70181471023178,148.99353337573658,30.707222201696844,-1.600188315353772
-92.24712887366032,3.6686832884078098,-0.9055815767131845,-76.81756244967953,1.4914202216732617,8.383290333106554,7.314167733012984,53.36150184268746,20.18083724908138,148.32515400928068,34.07634822741869,-4.6464984143043875
-92.24872147650606,3.8036628016329708,-1.2739298453150365,-75.33421927528344,1.2640664631854401,8.328280223863688,7.6529536467572665,50.21005182252984,17.89122882909717,143.3478494224198,36.494310328659466,-7.50557053094
-92.23804116304845,3.907820639090882,-1.5701895995264339,-73.96654468426995,1.0474464546031765,8.208138114558448,7.219281861190692,44.83396832050016,15.274063995531145,135.16447910639994,38.48844682978568,-10.144448526627901
-92.22744537473751,3.9853827069079686,-1.7595780741917513,-72.75458887022354,0.8452255918325302,8.033614864355098,5.941881230795272,37.45156044652408,12.801680545848606,124.99526903020826,40.22571445512399,-12.643859523171523
-92.23086656235489,4.045402549664658,-1.814968623350758,-71.71811067443076,0.653982327443817,7.817735033080017,3.8688966229162007,28.66791715180081,10.871304120893504,113.84776307821103,41.45243636872449,-15.118790803780257
-92.26172871940346,4.099076869045005,-1.7231265817972323,-70.85713567759858,0.4643308069626066,7.577708388033633,1.1573650791487329,19.459913420040486,9.724987626058011,102.35484182881204,41.73480847622827,-17.646045023798344
-92.33092319787471,4.1567303627484975,-1.4892257266137496,-70.15607954658286,0.2635885519643707,7.3342910147692315,-1.95275944436988,11.052671671797743,9.415991327509802,90.82482559060234,40.80909490623833,-20.24023280875158
-92.44518217574175,4.2253388218095385,-1.1382773492642189,-69.58965531568637,0.038749988127117954,7.108768859340613,-5.171835505857574,4.707867113752188,9.826091455581244,79.43117529304315,38.766091545907145,-22.880239019092656
-92.60611091016762,4.307231021504004,-0.7127262749604802,-69.128756567682,-0.22139377583486117,6.919196215727357,-8.198556974976356,1.4708807532377994,10.721862246291344,68.40291892749354,35.962652459956054,-25.549701103695057
-92.81003643923266,4.400200958393682,-0.2663390762819703,-68.74514084935173,-0.5253446037211673,6.777530931312459,-10.76272122131097,1.9355265908779746,11.828279437568359,58.098937025362126,32.81194422444434,-28.24901900182066
-93.04870333521517,4.498825135043518,0.14458562428948096,-68.4144966655536,-0.878608413280719,6.688136115728632,-12.667870378026409,6.085458722636166,12.896932052051165,48.94018496539472,29.680256586103134,-30.96842004442409
-93.3106984433752,4.596459283780562,0.47093805088593954,-68.11799511548726,-1.283089160648919,6.647029233107551,-13.823013600392926,13.25833978417017,13.7518309910552,41.26605272671154,26.965726244456903,-33.64866207999631
-93.5833320548784,4.687272070613357,0.6793734085268959,-67.84263658962098,-1.7357376299181024,6.641218158919725,-14.25186467333945,22.250646525306358,14.30626059316495,35.212469116793514,25.240347333037157,-36.16557018443351
-93.85458400965076,4.767767803541584,0.7578445324758338,-67.58071554345766,-2.2269672834372054,6.64829464023135,-14.073820945520055,31.546532382685392,14.555042684749424,30.676096055948488,25.278208843706572,-38.35622967946319
-94.11470774581912,4.837490837765853,0.7168576931712201,-67.32868075407981,-2.739977684080058,6.637214598203208,-13.463026663727703,39.62348525774646,14.553009727013114,27.372317072382923,27.89285423062994,-40.076892151230595
-94.35721802719101,4.898884128846707,0.5862174066296979,-67.08565099135447,-3.251987547273216,6.571135811718606,-12.603539205186951,45.26415314553419,14.390171577619032,24.95022645795387,33.65404723795915,-41.26354316653948
-94.57921910519957,4.956495937820549,0.40810558079678416,-66.85186853892334,-3.7375825075371587,6.41234639897844,-11.659410568006388,47.79578307355971,14.16925457327209,23.111851266513685,42.62446224606426,-41.96456580584429
-94.78123272171547,5.015847066439014,0.22819911674944615,-66.6273931169649,-4.173419713017872,6.128347460272989,-10.767813583367388,47.196712173779375,13.987708156787676,21.692841439393327,54.227299165622014,-42.32922204777733
-94.96676177227877,5.082289711349477,0.08691970775951785,-66.41130559743716,-4.542901123077583,5.69765389709696,-10.050002687345499,44.048375035816704,13.926005623208066,20.681678287091977,67.28918714923216,-42.556567867946534
-95.141773253416,5.160126135355808,0.012740757208526743,-66.20157498521435,-4.839383613242359,5.113971470888702,-9.62620528452638,39.35290825945159,14.042915859295018,20.17692157930675,80.2443605762605,-42.82522711451899
-95.3141733407905,5.252131592007837,0.018836167776644652,-65.9955491849538,-5.06699833298301,4.387861771797867,-9.619927219272231,34.268260460954835,14.374882774679353,20.304393678158792,91.44005393810319,-43.22956617957226
-95.49325918014496,5.359478547085081,0.10344585601184786,-65.79081988781708,-5.238930522597156,3.545572209822277,-10.1448436933436,29.830816067867477,14.934571037658845,21.128894527681602,99.45719329294383,-43.74219823142819
-95.68910524814726,5.4819421647518025,0.2534077849344969,-65.58608517603467,-5.373711225581734,2.6252490942436495,-11.27796042877338,26.735251158563596,15.705697522816203,22.592852331722234,103.36953279762604,-44.21037626179428
-95.91185708956577,5.618226120922829,0.44962012534700135,-65.38166298010694,-5.490475787162476,1.6711989346719252,-13.029326177745503,25.221236843234728,16.636360824541704,24.500859238295945,102.89685286836898,-44.38226285765843
-96.17092177304305,5.766294892287929,0.6729220865868037,-65.17948138389447,-5.604248233689997,0.7271911685543291,-15.31987789049657,25.081352167305653,17.63770638655127,26.548673999903883,98.4352691441104,-43.953283847545755
-96.47405877905985,5.923701744948893,0.9090322783345703,-64.98259977121808,-5.722223331248793,-0.16999894221032896,-17.97780298441528,25.767626065696618,18.595379618191497,28.377565418349256,90.96376999194828,-42.62307994273863
-96.82641732068258,6.087991852727671,1.1516277791749365,-64.79449044522599,-5.841823708706126,-0.9955609087681534,-20.760212133102044,26.551366619978246,19.396455463169083,29.630841862525035,81.84116423911915,-40.156488260739906
-97.22964513334888,6.257264782664311,1.403206467099114,-64.61836083800316,-5.951029579864175,-1.7390654185912444,-23.399343619018644,26.68813401973186,19.966034742660774,29.99877589708459,72.5285454772962,-36.44346383267211
-97.68127606514649,6.430882559759805,1.6739003387342821,-64.45671248803494,-6.031110988024191,-2.4036902421797723,-25.662855376491827,25.552273585007082,20.300409480710208,29.25184520569104,64.2901699853581,-31.549981500939303
-98.1746411550415,6.610175561175788,1.9787872206076966,-64.31116740336677,-6.061456372700763,-3.002231030015791,-27.410401593546204,22.72627595997692,20.482888784649333,27.272195416539073,57.92759077095875,-25.74791871286783
-98.69949868732881,6.798928419423265,2.334419044333378,-64.18243264612632,-6.025736015185887,-3.550528725172456,-28.626998028341973,18.050285015867477,20.675017794419652,24.09419843026786,53.59144658055006,-19.511465091488752
-99.24341287073621,7.003467137670437,2.755273395963884,-64.0702051685959,-5.918228445466876,-4.059528400921106,-29.418393839729514,11.644821446289354,21.085177326608523,19.954166792663365,50.70581464494097,-13.469637652129581
-99.79362861222451,7.232278309813783,3.2507500854124,-63.97289246190904,-5.7488495926050645,-4.527618114059097,-29.963014988707727,3.91096584383777,21.922886702129464,15.33232939868753,48.03791488198797,-8.310569184554002
-100.33887127646865,7.4952030729109715,3.8232626982393567,-63.88722751068961,-5.545360621346939,-4.935116995632693,-30.42688952969143,-4.5039224197694425,23.349229558691775,10.955741247892433,43.93915641106514,-4.646100353477215
-100.87032687978692,7.802324151996937,4.467879413661161,-63.808095258841455,-5.351499424721173,-5.2427245897240375,-30.860157158715317,-12.791637282433644,25.43337679419004,7.72628273527192,36.751625044890986,-2.859755426525406
-101.38120001230737,8.162694262449477,5.17371607460143,-63.729023157775266,-5.2204453345433945,-5.395324983631997,-31.10253432440631,-20.119756417487377,28.123394929085737,6.549834030150421,25.320027241447306,-2.971767072840371
-101.86469196042636,8.5830278932528,5.9268059953762435,-63.64371011102121,-5.2040592965197305,-5.331640727966521,-30.726617938669232,-25.789320216716668,31.236058237222657,8.074701818952581,9.494316812699555,-4.5603895525085445
-102.31080449582397,9.066403435250631,6.71358846589098,-63.54864557846911,-5.339601806237634,-4.998803226392918,-29.04156470449551,-29.361619363515864,34.465465680607146,12.392599344282631,-9.525436651599087,-6.777571928322621
-102.7028640741225,9.61095855360797,7.523760810011918,-63.44635971879134,-5.636851725901414,-4.369141946357196,-25.168550858536626,-30.710374384743403,37.40552636777336,18.80007680948634,-29.147998925204586,-8.484961072427636
-103.01495331232734,10.208589746061461,8.351294985066552,-63.348288258701515,-6.069342624064319,-3.4548674013300156,-18.18688626238619,-29.989924778094426,39.57944846423535,25.744869168936155,-45.75745457230529,-8.508107819878502
-103.21142346498401,10.843809478756013,9.192982787319789,-63.275880063745255,-6.573334842494922,-2.315494967918736,-7.334938788618151,-27.542916259945525,40.472512175394016,31.06423814582144,-55.51063525801804,-5.962255119922878
-103.24925429497482,11.493102768089273,10.044751029478558,-63.25874988672177,-7.056740668124445,-1.0535779800709792,7.769255376786106,-23.781681277226408,39.57131623272532,32.533553372663334,-55.45710828437855,-0.5556487229489788
-103.08326645599855,12.125243635029744,10.896869251105226,-63.32958712036906,-7.417442775295435,0.20286082564538788,26.94091201549038,-19.07468222555095,36.41756870726569,28.582702924609872,-44.682646575586354,7.249890145481037
-102.67330850411327,12.702971627961622,11.72976221578772,-63.516941623906995,-7.566930997421787,1.328191672338579,49.333679988847784,-13.671252967447355,30.681295406536066,18.890589882668976,-25.013240830144202,16.319195178534535
-101.99185904518752,13.186139798969165,12.512207482267605,-63.838215726291764,-7.452379118803864,2.229587047294414,73.48137676497144,-7.6947986028818125,22.245762749893107,4.5728470351494455,-0.8473319054390757,25.173222464815634
-101.03024374446325,13.53600515373132,13.203130376519388,-64.29543221942782,-7.069827254478848,2.869872977736236,97.48555901824143,-1.2051925853343888,11.281025493755866,-12.146277498632085,21.994279375576802,32.44825503164894
-99.80193493144196,13.719933359193242,13.757107260595493,-64.87533301475327,-6.463726650094717,3.2744418819025345,119.31590121896966,5.710438714819438,-1.7239847480366408,-28.651341868706783,38.0508381151361,37.29121310665752
-98.3420903729285,13.715601587084553,14.132418168118571,-65.55354849772357,-5.712865761967443,3.5192923010036594,137.15940299179692,12.874719367678699,-15.99273819069621,-42.728929784408436,43.976275774859126,39.54070251453891
-96.70339858662722,13.51385260384394,14.299539096506024,-66.30097451932248,-4.907570332813198,3.7041572141264387,149.74079472217574,20.02165134031024,-30.55932695306015,-53.105783039771744,39.576938024563795,39.65934940358342
-94.9491692087052,13.119635337158096,14.24766521997684,-67.08999978672927,-4.125881764238419,3.920047812286122,156.5382413133428,26.8726623687157,-44.418167514553346,-59.58762928819202,27.732726659413213,38.490777406650516
-93.14517541951571,12.55089423207387,13.98723541699853,-67.89891721145936,-3.4160511842999077,4.222140202276787,157.83731983275823,33.27106078002909,-56.693362852254424,-62.861183773640064,13.275018425574228,36.96139473119137
-91.35184370567204,11.835763141711745,13.547322531114062,-68.714006190435,-2.789688015299757,4.616335362888031,154.60679503810428,39.320542564675065,-66.78343430973706,-64.1102831284915,1.2989036539190633,35.826434877811664
-89.6180031568946,11.008858085362718,12.96798756738427,-69.52962406642746,-2.225941580663253,5.062434836314957,148.23853499987382,45.45093508158806,-74.43494139519234,-64.59332733891154,-4.431192714007025,35.50981565575786
-87.97678615491412,10.107669253783936,12.289112015872398,-70.34695011018424,-1.6837963527716757,5.491049471993378,140.2396334820457,52.363039213838434,-79.7187275417106,-65.29173715879178,-2.445019317856313,36.05129660947712
-86.44376217422106,9.169880163007019,11.538588497420985,-71.17196008931086,-1.117797042000748,5.8272538513680825,131.96765565674445,60.85275496077905,-82.92339318628112,-66.70192169141663,6.319346131041416,37.1558450463924
-85.01719826023073,8.23191337577433,10.723616920950725,-72.01304105577579,-0.4924076281337588,6.012770203047474,124.46285861385431,71.54508965823409,-84.41633444064124,-68.80384961301725,19.15687447429421,38.32234025766337
-83.68036482824269,7.328333175460808,9.828567125511308,-72.87856686515525,0.2086046361145628,6.020064207000649,118.37304393916641,84.59732971243184,-84.52803133517017,-71.18671603475214,32.68405492928498,39.0121119324606
-82.4057514977656,6.491241937949021,8.821047270215976,-73.77478357384675,0.9794479197469483,5.855202452772123,113.93921524241144,99.46617934723199,-83.49321818103246,-73.26482283321451,43.96825973591519,38.811623458162146
-81.16078703442817,5.748775920212501,7.664964436558336,-74.70440572125094,1.7958906918421287,5.5502526407472645,111.03050603407488,114.83547769639468,-81.45411597692222,-74.50073098653111,51.33487834823974,37.54905393078348
-79.91428844861179,5.12232571328064,6.336745435012051,-75.66626903589636,2.623174292821081,5.149053999552315,109.22803641892611,128.75851553811066,-78.50948672748905,-74.56631239630691,54.65525634267433,35.336983844742804
-78.64259139750258,4.622954799510371,4.83965064476775,-76.65616572545001,3.42543985740349,4.69153418806855,107.94229909624303,139.0070598380799,-74.77815598544521,-73.40016019093933,55.119217944014224,32.53094383679193
-77.33426900327247,4.248241068457537,3.2116460708646093,-77.6686473145191,4.1739146881777645,4.201351829972501,106.53073649852823,143.55316062006426,-70.43762576718987,-71.1570791447405,54.64576139119686,29.616538051727453
-75.99258151765862,3.9810285720017564,1.5242793627482554,-78.69921061447872,4.851900856069932,3.680042446576679,104.3926963286608,141.05111299335599,-65.71340171563725,-68.0875096415401,55.1580221633933,27.06062235569696
-74.63529808689984,3.7911769712780465,-0.12725269384207216,-79.74601868000433,5.455810595899248,3.1087581264995627,101.02730915307657,131.16905747277858,-60.822059909940336,-64.41249590856232,57.9468924424062,25.175455770318273
-73.29219126122716,3.6404639712816285,-1.6400489021876847,-80.81034026726603,5.992716712526454,2.456677735697098,96.04333627386987,114.67260779009283,-55.8967329824322,-60.25386719133335,63.285380130139195,24.04120919700572
-72.00108641461364,3.489719761112382,-2.921163121708302,-81.89533883569992,6.475803399398011,1.6935531754642046,89.13386733253587,93.26916442555007,-50.93797286172113,-55.64461508537202,70.36479441862369,23.510229646374647
-70.80355596266959,3.306499729620642,-3.9028527545741074,-83.00355729543847,6.9194752760626,0.8028527966986914,80.05014378192648,69.302338673811,-45.821727791410936,-50.60360129993111,77.54023893606372,23.285980969314846
-69.74107501870348,3.071402116734288,-4.552767233159788,-84.13406211053919,7.335626974085484,-0.2082634717972639,68.60168309621255,45.39335201560486,-40.36740874605157,-45.23033604578846,82.81049772511462,23.04325239802707
-68.85188396231847,2.7815092518110203,-4.878188605445763,-85.28042305958037,7.7318464147369985,-1.3052307979790239,54.6958760140461,24.093465606486745,-34.44251213364375,-39.76853743074399,84.40786932740784,22.54264168250383
-68.16824737909694,2.4501855051027235,-4.924674906302888,-86.43042113852225,8.111465367238267,-2.430176783648194,38.425177433070054,7.587372028615431,-28.067708311783367,-34.60155140393351,81.34023611283787,21.69687756218887
-67.71352979538281,2.1033551433706377,-4.769986604840364,-87.5677052759955,8.474737037184724,-3.5132444586216343,20.195496389438176,-2.5302011648074183,-21.487643192778613,-30.17102685094494,73.73058259467902,20.568876534605256
-67.49868110352307,1.7731789633576172,-4.514207569482285,-88.6748280741335,8.820221763696331,-4.4883832524736,0.8590872855631847,-5.406018994642384,-15.182229177219332,-26.84371955150733,62.8491858365958,19.311633734861598
-67.51831498767217,1.4905754564906355,-4.266840951020575,-89.73653713725663,9.145699225030587,-5.309305608296418,-18.214319174687624,-1.025816985144056,-9.80442706233922,-24.77862270548464,50.817794703103175,18.082793294346352
-67.74733142961075,1.2782120406840154,-4.131722493024316,-90.74216353297629,9.448421872255706,-5.960965471332158,-35.20038186432968,9.731684638017667,-6.045707770512794,-23.854225079099393,40.06040779151128,16.973596488852618
-68.1395845629644,1.145457383733354,-4.191124158978953,-91.68646749890233,9.725013258186697,-6.463067683337891,-48.05696448813417,25.10353371632078,-4.45374375936763,-23.69694315966922,32.66288946997692,15.9828801260738
-68.63007484553941,1.0864319785710954,-4.4914440595735625,-92.56910376686177,9.97154734139594,-6.864568914739218,-54.914993264811606,42.57060602638252,-5.2489271491497105,-23.810238691725896,29.85027225338597,15.044201753156287
-69.14144937249729,1.0817886834916501,-5.033993400062837,-93.39350178489087,10.184192099254306,-7.231088285550628,-54.542122404824056,59.18053116131362,-8.195978730586729,-23.754160203703762,31.756525851059468,14.085635840911062
-69.59442813051257,1.1041826942741808,-5.77474499063515,-94.16603148378938,10.360329840742258,-7.629438866815509,-46.75680493585618,72.10568225449697,-12.579966479056301,-23.294883408759542,37.550548881010386,13.082941322596929
-69.92050299953777,1.1264958293383136,-6.635511228215924,-94.89577898322399,10.499542857896364,-8.114148149980974,-32.65972725719688,79.36051184464563,-17.313737360888137,-22.453923925948402,45.842964192070795,12.069522418371232
-70.07425674317835,1.1308257247523172,-7.525482620074819,-95.59444367864627,10.603628743982151,-8.71963663169277,-14.574127827190443,80.43946125395772,-21.169091787535717,-21.429403094829034,55.19673305345297,11.089736275211456
-70.0422517951921,1.115401458438886,-8.367398255533988,-96.27532659421446,10.675106202450618,-9.459297703126037,4.348020463356294,76.54441288908399,-23.080260659530403,-20.410872038093075,64.54578367418068,10.114023536473697
-69.84590401727694,1.0965664545117002,-9.119261405735276,-96.9504365695436,10.714399220608225,-10.33015093421596,20.793419422839563,70.17429167466659,-22.429346527128494,-19.346681607340777,73.38304055612022,8.96000906842703
-69.53715753734092,1.1042338630573088,-9.782947776101649,-97.62537439707245,10.716682784597813,-11.320010784410655,32.048843051959025,64.14572528693421,-19.215368511095143,-17.74538239928415,81.67630070292721,7.270989584418497
-69.18781137605227,1.171566258991166,-10.39595053556845,-98.29264670723141,10.669827703441424,-12.413752688806406,36.603644024785,60.44316845301364,-14.047092877731703,-14.595892089325265,89.57367116191166,4.585267939860991
-68.87531544669193,1.3221333699854496,-11.009829077420713,-98.92510797236245,10.554750259213037,-13.596238986873342,34.38174173441181,59.445876582781,-7.966538755740585,-8.465193163614986,97.03847244895363,0.490895798515348
-68.6689408659989,1.5592618669245,-11.664930252062877,-99.47194408759671,10.348768441414805,-14.851250365549488,26.537747261727837,59.92387914256777,-2.163646474312259,2.2196181976548983,103.57729677926913,-5.179501568137616
-68.61993482146836,1.8618833802598134,-12.372444163965296,-99.85960016241081,10.03153953414955,-16.157506342745176,14.922973040575794,59.80977069241959,2.3382882113469776,18.75481745335015,108.17357450753471,-12.181001728761952
-68.75765200822093,2.188881340626066,-13.111088406287022,-99.99911060013504,9.592156609273387,-17.483809804803176,1.4498276303274995,57.35089719230636,4.945384437893101,41.705943023418875,109.43680052882512,-19.783076277430713
-69.09134578172737,2.490561005959227,-13.838649085473609,-99.7995499286218,9.03532416155288,-18.785316490705547,-12.392844438862387,52.04240830156009,5.621738870684483,70.54370300096136,105.89682151095369,-26.838974027514375
-69.61531091544776,2.722868710562531,-14.511791846883769,-99.18526042502333,8.384426752016902,-20.00230525239917,-25.715254058177855,44.87174479132351,4.823377246621151,103.49929062451801,96.35743882990131,-32.00827285204308
-70.31432411966533,2.8588649952244656,-15.104292100096425,-98.11278161811477,7.679874451019788,-21.062166414199925,-38.10200078696444,37.803604455454014,3.254771823934002,137.72933626964712,80.24742861462353,-34.089884564511046
-71.16715406133955,2.8933654590526188,-15.615427497246994,-96.58268985884486,6.972372100873892,-21.884854370038294,-49.336419473864154,32.81545492924925,1.5655244137249062,169.79973912651886,57.905382351416186,-32.36979425524824
-72.14780796441978,2.8398364701875667,-16.06546403220694,-94.64240797215348,6.312502812912555,-22.3916123624435,-59.17813290111766,30.9336881184691,0.1368880161252011,196.39411522612744,30.69724838774227,-26.858100454847907
-73.22597969442259,2.7218527068844955,-16.481172043220983,-92.3785413630729,5.739642562001586,-22.516190588853426,-67.33648351992171,31.6697832381341,-0.9613986059852561,215.06110059028174,0.877290789341475,-18.305474716516287
-74.36862717033534,2.5631780490996134,-16.878446380701337,-89.9006334252231,5.27383917861483,-22.21697438719156,-73.60639088743525,33.12131567077907,-1.8708784072202846,224.7709129540355,-28.794155096141857,-7.967528580614466
-75.54342368611483,2.380307788121798,-17.249763492091187,-87.32095830698702,4.913285842956508,-21.48742778488109,-77.99982912947485,32.72624199819984,-2.788657926126665,226.09783636493086,-55.570022381967895,2.79078033144618
-76.72308500551229,2.1795908813780036,-17.561349371314964,-84.7359314912971,4.637748842416474,-20.361476446602648,-80.75299225692176,28.281625617754695,-3.835775555981234,220.97445427904867,-77.26511562330283,12.86952329884033
-77.88875544146298,1.9588600651676344,-17.76029073672452,-82.21373701456895,4.416005769173145,-18.91091512180039,-82.22668714114698,18.71161847510992,-4.9931935751884255,212.10575999428116,-92.70776985178092,21.632564282751154
-79.03115929670274,1.711856011410796,-17.78798210304338,-79.79047619516865,4.214210584501887,-17.234198585918104,-82.78522212268925,4.317979978648522,-6.113759519775682,202.22750523605848,-101.93075531190185,28.890856152496337
-80.14934759590378,1.4331834842144358,-17.594873688314216,-77.47448433212223,4.002470479691291,-15.439131820003594,-82.71783051739948,-13.44046960701277,-6.990442446730188,193.41568516427486,-106.02379106860602,34.73593373491788
-81.24775562605399,1.1219811378861373,-17.152249437781748,-75.25631062126433,3.7582636250002732,-13.624229786692347,-82.22307068610482,-32.44302041058865,-7.445134897725856,186.62221069541226,-106.71748215492148,39.32955541001536
-82.33264501880718,0.7834245534882807,-16.458529423693733,-73.12075660076351,3.4667917141273703,-11.863781341966925,-81.4376371810254,-50.47303370273532,-7.401537506192109,181.5553251663694,-105.85675644219316,42.7418375518641
-83.40894186406611,0.4281115577737606,-15.539397787137537,-71.05744381814328,3.119329351576286,-10.20010135887377,-80.4697699613857,-65.69530873136367,-6.91605822404006,176.9367441439743,-104.94242811934616,44.89328132893868
-84.47820200851986,0.06999911133499907,-14.442525406323076,-69.0674070721375,2.7109270071014153,-8.644005056063435,-79.41101748761302,-76.94794043975632,-6.157697808161532,171.0536003257882,-104.86337841468503,45.60832496749582
-85.53807661882966,-0.2762192180515579,-13.2286912525306,-67.1647546208099,2.2385785554553066,-7.182172511315841,-78.32888453523279,-83.82197243858388,-5.348545892366664,162.41439103412546,-105.8383258786026,44.736183406429504
-86.58324365766592,-0.5975225991012275,-11.961653776370996,-65.37399896318932,1.7004225450484163,-5.788465477332405,-77.25699215648463,-86.56354392299059,-4.692617023991268,150.25203835311885,-107.5236232969293,42.26164320592265
-87.60733051197128,-0.8842822803046254,-10.699133357760811,-63.72480171515436,1.0959751518631244,-4.435729385492536,-76.19387709715109,-85.87252970976351,-4.322812266121739,134.67910946148817,-109.22651494619427,38.34278955636878
-88.60503151581824,-1.1311229362994526,-9.48670396777077,-62.2463557544811,0.4270373437823667,-3.1052119797169233,-75.11067975557991,-82.67701016632284,-4.28268683283211,116.4906913324241,-110.13836468635819,33.26889015572429
-89.57362619307797,-1.3369709553407898,-8.355332469048896,-60.963431797123555,-0.301124155671316,-1.79215554143844,-73.96209804322538,-77.94301026030583,-4.54041485344429,96.76412270547443,-109.50218999944352,27.376061345131262
-90.51343358564701,-1.5044171897859697,-7.322082796399256,-59.895319775198345,-1.078608586726791,-0.5076053707995634,-72.69424576629771,-72.55560423612776,-5.018000471858338,76.44740735235159,-106.69182978588499,20.968321863338677
-91.42717815835806,-1.6385118808231702,-6.392604898517332,-59.057643965549396,-1.8899968855563936,0.7227787432176562,-71.24604649911797,-67.28227842463616,-5.6149807352013195,56.08549778843401,-101.24827836330667,14.27837492226178
-92.31859612423341,-1.7451031422459529,-5.563759835158262,-58.46570242399527,-2.71416161545948,1.8622340063192784,-69.54499623807116,-62.79621828550351,-6.213684193596708,35.75789521692651,-92.93789395284304,7.476127410482917
-93.19082068986178,-1.828915888741851,-4.825085760639336,-58.13712995641958,-3.5252728528432207,2.8684312230586535,-67.50293905456337,-59.71113907248591,-6.669487718258938,15.231946693618863,-81.8649159075694,0.7113032294100876
-94.04513956954308,-1.8917405320520022,-4.15859604082061,-58.09170061799776,-4.295326944343149,3.700774739841389,-65.02140732272412,-58.5787470344721,-6.803941386990379,-5.720371271361392,-68.60797203070284,-5.831611106836155
-94.88057528052398,-1.9312449687975264,-3.5373801949323855,-58.347000501234454,-4.998056888701782,4.328760458094447,-62.01344735847916,-59.82432449247951,-6.420548878782888,-26.947643143273943,-54.29734965677194,-11.888096294124756
-95.69439560144312,-1.9408927744813769,-2.924361695368475,-58.910246567796726,-5.613497742148185,4.740005612210567,-58.43870149136585,-63.632415108338115,-5.351028126289976,-47.62232621582736,-40.54794356338943,-17.099606890866447
-96.48326253160732,-1.9111791427437204,-2.2729935001033255,-59.76824233024893,-6.132046292243024,4.9460249618758905,-54.33737351228219,-69.82521306107853,-3.5205435446937523,-66.14595860252737,-29.20921544285925,-21.048922519975168
-97.2444902341202,-1.8319559181257996,-1.53135921572847,-60.87877707788077,-6.5567927472640175,4.983796466880817,-49.84367037257705,-77.78959307858432,-1.0048788898200445,-80.33372257322077,-21.961118313676216,-23.349271093962276
-97.97688092062988,-1.6951820307035705,-0.6501341015641184,-62.16713564410479,-6.903273895110803,4.911873477477343,-45.16371586593495,-86.50700643780206,1.9498986527160505,-87.88339686889971,-19.854597944685416,-23.768021047259076
-98.68073169646132,-1.4971895099917965,0.40649916889353754,-63.530428060814145,-7.196468018276987,4.801232218563792,-40.513650855879526,-94.7238892707534,4.963892031391362,-87.03424812970317,-22.943084657948788,-22.338866799393458
-99.3567355501897,-1.2396111373735677,1.649170073815002,-64.85023228199589,-7.465583346199276,4.722812350451031,-36.02404444299117,-101.26187937929487,7.615928985512092,-77.21685528991023,-30.150468523595542,-19.403081970372625
-100.00363343766077,-0.9284841383418178,3.0539345478324815,-66.01121360359514,-7.737784307923493,4.7351265942387855,-31.626101329866223,-105.40967214030108,9.569886186828874,-59.44347367866607,-39.46606497392499,-15.540180466676029
-100.61469136576963,-0.5716406266546896,4.5584246354994296,-66.92104661903372,-8.032312593884457,4.875554690437639,-26.949469939157346,-107.27752680181993,10.694251628082146,-36.24818941688401,-48.45512233224942,-11.39936442435375
-101.17344326080293,-0.17516339854159316,6.066093602332135,-67.52620022141241,-8.356348525803401,5.157447093497175,-21.276714528014637,-107.96774331831197,11.12887436561104,-11.163482059103426,-54.92997198627173,-7.4947417939009595
-101.64962626957701,0.2597747890984555,7.459553031587209,-67.81942812884373,-8.703395342052538,5.572373985219703,-13.598962182704184,-109.452833611285,11.261735432821911,12.063057816794696,-57.50713491338556,-4.051399092243099
-101.9966792582021,0.7381671276089826,8.621687576305952,-67.8376574832118,-9.054255967378005,6.094431233303284,-2.7955514799660524,-114.14012149243922,11.602568186894175,30.206178651226146,-55.80907900985098,-0.9753408024220533
-102.1523423307832,1.2693170815779393,9.460557535454827,-67.65208441248325,-9.380276618093836,6.6833403967505856,12.076510753171751,-124.1999621511588,12.578334944947661,41.05251011472267,-50.29703720325361,2.029089055907113
-102.04358190589471,1.8615902622942966,9.931845328461279,-67.35424406534197,-9.648573805363496,7.285552541967001,31.444376108894026,-140.82277930397382,14.314567813225384,43.61655534915481,-41.97271718606913,5.235546613247513
-101.59618752074893,2.5148868432767584,10.051836100963863,-67.04193422172968,-9.828996402700156,7.835926404254266,54.93234003966431,-163.6200986235854,16.485283967673226,38.14978291202288,-32.20820904411734,8.66678673889641
-100.7480355834671,3.213305278194965,9.895556204624462,-66.80751642836496,-9.902051201636153,8.2641108588033,81.23267944953481,-190.36280924927277,18.302453202507582,26.003143434010838,-22.764857679585027,11.98245906716323
-99.46352012713254,3.9210894766561486,9.578902187408394,-66.72935279316553,-9.865963158622547,8.50801319366005,108.21016948799554,-217.1585510442801,18.67547954818899,9.36952996001555,-15.8432926206337,14.56052518065546
-97.74555918801846,4.584357391122877,9.229119953766176,-66.86593788467955,-9.740211012660358,8.532495348217914,133.25036077991564,-239.05840386663272,16.51211575081701,-9.080334988241168,-13.907397046379188,15.76041811262937
-95.64146275818321,5.139347638846128,8.952263684190715,-67.25202330115457,-9.56319349762257,8.347149671944631,153.78146606117585,-250.99532672172964,11.073637986256909,-26.64688338805653,-19.137806490360017,15.257150883215449
-93.24007139934163,5.525572594034039,8.80714359687316,-67.89649746262023,-9.383431720796871,8.015045386634952,167.83789693493028,-248.88242827994333,2.2628413039388016,-41.08633728162728,-32.60688041159441,13.274373442701915
-90.65975612797455,5.7002300619593536,8.792722898714322,-68.78250512595497,-9.246290266575862,7.6459000267752275,174.50390568684026,-230.63057170288366,-9.265160831146819,-51.03710015991749,-53.45684401265237,10.583135412615771
-88.02951509645024,5.649382308767568,8.851589493434094,-69.87072363099985,-9.180439485785165,7.372057493937763,174.0935901915849,-196.81434564358665,-22.21541427586458,-56.259471376013494,-78.52261011166323,8.249559911774783
-85.4676986984624,5.392229281606141,8.887800538989897,-71.10634854515455,-9.188975435066489,7.312439956058855,168.00184436574781,-150.76250731439148,-34.94704254581636,-57.591164335884585,-102.78979447856042,7.240804987871118
-83.06397399228621,4.977031900333532,8.794102782511334,-72.42905451923669,-9.248582955474957,7.5354793524546775,158.27222352645228,-98.0158011557032,-45.84776167345909,-56.60734302690145,-120.62939033368562,8.073112892839719
-80.86929267497227,4.469957512469719,8.48156503601595,-73.78362301795346,-9.316910239481391,8.033820121334191,147.0298155609001,-45.30996159638728,-53.676884431710434,-55.09006144573541,-127.28485435207463,10.651669987623597
-78.8958603339794,3.940236553883739,7.904164482213327,-75.12822926463242,-9.34515680508952,8.71992193067832,135.97906876658905,0.655598515039243,-57.782299201695935,-54.486219698693866,-120.07547740304645,14.336254324085894
-77.12560727529508,3.4458778368860843,7.072116331717876,-76.43824750286211,-9.291407374814977,9.444255000840258,126.12509020275998,34.426076961565265,-58.138312526551395,-55.52645474877117,-99.04556946387625,18.16714889731262
-75.52318254436221,3.023715059404667,6.050702880643309,-77.70532838028109,-9.13076922761224,10.03027322371242,117.77162753427777,52.77873910561364,-55.21579476590605,-58.10814513802352,-66.97813863373459,21.1519340042524
-74.0489958471295,2.6860477178509283,4.945344263734881,-78.93315997173588,-8.860035143363678,10.315819617005175,110.7376538208849,55.29581066721831,-49.75342914968376,-61.44425197060542,-28.800060094370416,22.525549963414228
-72.66899384267819,2.4240905345565102,3.8774780785139855,-80.13193612530111,-8.496438311527351,10.189946922318562,104.65474887661158,44.34869411777688,-42.52206519615946,-64.39324923311854,9.467566157602798,21.925675023067335
-71.3597427705883,2.216483510215824,2.9582172283370145,-81.31323126752994,-8.071584647512628,9.616600763202673,99.19838410483042,24.44372733758454,-34.15558503314473,-65.84657720772044,41.93773896960263,19.4561684920592
-70.10920235516555,2.039849511811883,2.266843597260518,-82.48626473358796,-7.622670651046995,8.640890004705014,94.16793391898004,1.0930279633087323,-25.081382125564147,-65.05624035448594,63.95785715662284,15.635305999644729
-68.91482859837198,1.878153163888686,1.8389829122123764,-83.6558563277853,-7.183533628045286,7.37831394067266,89.41473461821136,-20.46097916544901,-15.545932327452345,-61.818819168395976,72.84718924548164,11.24682651338809
-67.78106051226416,1.7283327428254391,1.6658406809151174,-84.82190364404171,-6.7778625341563306,5.99106649651147,84.6792304725187,-36.31875245658088,-5.704612932825401,-56.483507441880626,68.16380154594447,7.133093911470816
-66.71781769608258,1.600972397210346,1.7026202447189043,-85.97997644752185,-6.416053127344461,4.657609226883684,79.44255548109895,-44.540456793785324,4.263151843167939,-49.80847482291138,51.5305027702729,3.986960945221439
-65.74067723245861,1.5162314053999886,1.882241247377726,-87.12257961863062,-6.095970166203046,3.5419459916446794,72.88572769784939,-45.20534528199118,14.055466067267105,-42.730494222532414,26.152557237449706,2.201220132324095
-64.87234538467858,1.4964999688520366,2.1300441348175134,-88.24069933455115,-5.806723049426202,2.7678880209687,63.975811244269856,-39.98583772002049,23.20376013121209,-36.12607183724948,-3.8082921564211047,1.8141522435935595
-64.14420475493202,1.5580268168958995,2.3760448102408844,-89.3253221939701,-5.533884775464392,2.4018302495730257,51.65273954702042,-31.434849331595984,31.098698136123925,-30.62904265874455,-33.88291867863363,2.5527896411458286
-63.59630530831646,1.7038797815775808,2.562936066434167,-90.3686381663641,-5.264544533899674,2.4457956703465165,35.076607401920214,-22.219983474071757,37.07434836258027,-26.538630313735474,-59.911218379520335,3.9418970952577013
-63.274351493073674,1.92006728623462,2.6497756669993358,-91.36463749992497,-4.991030294461008,2.840967338506836,13.88456931738163,-14.505587159138859,40.51960764003852,-23.819424607068633,-78.59245701398326,5.435402135919071
-63.22306555591616,2.1756996329596707,2.6125934617762496,-92.30894955558144,-4.7127505897280715,3.480584835321899,-11.579509417701093,-9.607368712275882,40.98366785207638,-22.175114613846013,-87.91426531313361,6.535910830392569
-63.47655985766024,2.42704416597742,2.4436524476664925,-93.19813807624648,-4.436122811650475,4.229888152088655,-40.08626666718541,-7.948681485230729,38.25822984891151,-21.168301216957634,-87.38595210979392,6.881167897515196
-64.04758304940349,2.6245193564918985,2.1507485662815817,-94.02901422491776,-4.17291586958464,4.949710860042224,-69.44641699209447,-9.262022194704905,32.438341427049565,-20.351012482358705,-78.01744353977014,6.287355948680749
-64.91828947662869,2.7212459945872207,1.7569038634634762,-94.7984832472732,-3.9375860165818524,5.519453606711155,-96.62323118998665,-12.908305416078807,23.970566719999393,-19.370862166816295,-62.03420452432391,4.750954371412243
-66.03530910067312,2.6817437467116445,1.2994920717949956,-95.5040401028083,-3.7443083933650163,5.854998346468939,-118.09408647362622,-18.1494770983685,13.688395338209531,-18.03216985618267,-42.3873092249515,2.420679812772014
-67.31133492432637,2.4895579324052397,0.8268692595261733,-96.14468895137361,-3.6043410460270944,5.918207123806576,-130.4578704640277,-24.243738125404803,2.8111093651323054,-16.310733187912856,-22.176736477506036,-0.4474023163829074
-68.6342347822554,2.1527269816215897,0.3906960484958475,-96.72200110881069,-3.5241470175413436,5.7168302539979035,-131.195960659886,-30.343868237351025,-7.141540653355662,-14.332281192724514,-4.120100226282295,-3.542610083904581
-69.88298066305157,1.705893844272613,0.03375750326648941,-97.24107879082165,-3.5044858571645343,5.296015441100444,-119.41671356099826,-35.32515613191096,-14.562510534402042,-12.325642884567014,9.83477819508583,-6.554921152117091
-70.94779287962231,1.2077742777360263,-0.22417278970491594,-97.71114580520131,-3.540559654506753,4.724280760679065,-96.3691223757179,-37.756256454599104,-18.093558159348923,-10.557155748996314,18.708002330083097,-9.22884744619134
-71.75026280423327,0.7331671384515134,-0.3973556184985423,-98.14534447430698,-3.623233402409289,4.077488954528965,-65.51609864388097,-36.165473889030096,-16.998439500622993,-9.246184910420736,22.494721814482837,-11.411887202377889
-72.25836195280291,0.36001383564542927,-0.5362763249789388,-98.5592464932901,-3.741253782509085,3.4242073131507844,-32.02628660437061,-29.561965567138223,-11.425355736812724,-8.46011271844545,22.005965701606623,-13.092124453060325
-72.49175907923755,0.15378612082510368,-0.7174193379212142,-98.96775459173861,-3.884194603742756,2.815152081309014,-1.6855012287066073,-17.99649573440873,-2.4339740786067554,-8.000772796150368,18.583957787974605,-14.416470281129037
-72.51517400614759,0.15284628276081094,-1.0215502485558687,-99.38052836520505,-4.045578546004556,2.2783850215406325,20.536017269798563,-2.9211148433012473,8.23353087560093,-7.317491833190194,13.749660620801436,-15.678978872813591
-72.42124435489605,0.3587044593541803,-1.5066452143309306,-99.79668541608916,-4.22537052320401,1.8206257576985951,31.766278547781695,12.838951995568234,18.558694911286587,-5.493342811245439,8.86174041189427,-17.26924961215339
-72.30813826811273,0.7341501107488859,-2.1851358158927976,-100.20007690653296,-4.430943188715281,1.433635448507534,31.839854585485547,25.63974267238541,26.707136485476514,-1.3424002879876187,4.870282684608295,-19.57344032869161
-72.25905814149057,1.2103183251618297,-3.014793619440322,-100.55670089958653,-4.675793474158789,1.103493902167484,23.00125652442017,32.053720765021666,31.42398908565582,6.369855211455599,2.2027564921571647,-22.833741120078468
-72.32974840764896,1.7013275441747389,-3.9078139509396,-100.81565617710582,-4.975802487062576,0.8200854753868878,8.865384990395084,30.020142996343402,32.277347473397086,18.61571939385505,0.7585193955923109,-26.99880886381905
-72.54651600117998,2.1228597195540466,-4.755471921288814,-100.9143856776471,-5.343620553138364,0.5842653044584782,-6.906835393461759,19.605722381761826,29.696451184871734,35.78648917769114,-0.025512867592136546,-31.619474224432075
-72.91279223444074,2.409756072470209,-5.459703680969797,-100.78787816742367,-5.7825862293145125,0.4108008628862727,-21.648629089072926,3.072293004722069,24.78875652121333,57.46926268177174,-1.0574858149858724,-35.845264515800054
-73.41914193443989,2.5279452123150508,-5.960807581962097,-100.38026806286526,-6.2820941319753185,0.32612694756505256,-34.05045888234564,-15.72622864385167,18.97125188994319,82.40156561719417,-3.4308193224472086,-38.554359997325435
-74.05144931857974,2.477783847168145,-6.252371329392361,-99.65632273818125,-6.816204714180778,0.3611525245638294,-43.877617627999264,-32.408364859709025,13.522456503118159,108.63160528701273,-8.233557084740216,-38.60632444525075
-74.79462347180677,2.2885801582535694,-6.379005629942647,-98.60999965287526,-7.346470038345194,0.5406303150756635,-51.43711105613638,-43.32074757775648,9.231411491158628,133.84606224204842,-16.350883243561857,-35.15801331458207
-75.63259489071746,2.0067635872786465,-6.417949634545618,-97.26773154730445,-7.828671938001308,0.8715608543166535,-57.18301888851685,-46.65880445550252,6.297869153444419,155.7878888168544,-28.28355160837794,-27.94782987246627
-76.54728127690619,1.6818804848777662,-6.4509039797328835,-95.68526614174621,-8.221872853212394,1.3334573737224797,-61.55759261729374,-43.058772386676935,4.485610464517324,172.67768934897668,-43.98328924363433,-17.44422017158964
-77.51875401892852,1.3546872850977063,-6.535953135300357,-93.93850178672007,-8.49731577601729,1.873160570710045,-64.94502728287608,-35.32718845681744,3.3827826880138887,183.54385858303806,-62.72039377269299,-4.782998554000106
-78.52712110680253,1.050187636625738,-6.689332038470681,-92.11043554516638,-8.644600759929947,2.4065280581128814,-67.63412218619646,-27.342550325091025,2.610313498300095,188.3680662231157,-83.07075950606425,8.505422308770557
-79.555257169338,0.7763593896905491,-6.882631600391074,-90.27753861246227,-8.673318884211657,2.8284770800750962,-69.80330726604225,-22.637722414928323,1.9144804026066862,187.99537676292033,-103.13129752003162,20.887486849254824
-80.59110906685444,0.5275376305978885,-7.0547743735645945,-88.49906324337697,-8.60975118845191,3.0307915351107937,-71.55469751105909,-23.30915870522173,1.1712437109033533,183.83937044071058,-120.94642845142785,31.197641850416186
-81.62859371684104,0.29049118942586194,-7.132841929901698,-86.81176291052842,-8.48984654147114,2.9238205887283852,-72.95495968295684,-29.618999247411153,0.3545017030937283,177.48828986486268,-134.9822070357007,38.863710978420876
-82.66668507265688,0.05110758971958882,-7.053735269037793,-85.23063578784136,-8.350848986872487,2.4555302088299804,-74.03803673776984,-40.275501183453336,-0.49721978980883297,170.33820789378572,-144.47125587447385,43.92492661269411
-83.70697544409654,-0.20002299247361496,-6.779858409507934,-83.75438983650415,-8.22418026465185,1.621932525191724,-74.78263556188799,-53.13293828550077,-1.3039056711316157,163.34268682202185,-149.5295425346833,46.865503963360666
-84.75059983722409,-0.46423720659332524,-6.305242044287244,-82.3731613316582,-8.131426498387212,0.4671157019387149,-75.10265767505562,-65.97867809552089,-1.9600992008840528,156.91375677143296,-151.02164843233555,48.35119562587891
-85.79566230493057,-0.734093313833888,-5.652152095378209,-81.07589243551676,-8.083902721156335,-0.9241765116847969,-74.86628714588178,-77.13236690730193,-2.3524244553531175,150.96394864602655,-150.21564583593383,48.97920549123962
-86.83604638005494,-0.9951407670916553,-4.86108880942507,-79.85546700470749,-8.084908764061849,-2.436838030166232,-73.93316495586666,-85.709129727566,-2.383766247137882,145.0525718373808,-148.3407868203986,49.129506935334746
-87.86184849678094,-1.2294289570130115,-3.9785589987517174,-78.71082268289526,-8.133022828913631,-3.9358474916477046,-72.19285963061962,-91.55050868035684,-2.0000591067015767,138.58351816936698,-146.20965600719637,48.946984280888614
-88.86102122396831,-1.4196846249474868,-3.0468613897347554,-77.64642725547566,-8.224843889137006,-5.27701544121652,-69.59469436540529,-94.95044072816874,-1.2094365758997436,130.99383275025627,-144.04150378263859,48.42048503449896
-89.82152140506204,-1.55305781884864,-2.0985699790242354,-76.67034196038482,-8.35631163211807,-6.319739760013391,-66.16797663519033,-96.34335079952872,-0.0851470049205099,121.87748151942299,-141.53535779680115,47.49073925321506
-90.73337090776012,-1.6235992939058208,-1.1561972459086558,-75.79228280268671,-8.52266403597443,-6.943020204812996,-62.036700794402655,-96.07721498283152,1.2493608798308546,111.01544533392318,-138.1325376786663,46.12254404129358
-91.59030528280535,-1.6330617474660427,-0.2356336067259619,-75.02260969424324,-8.717788329327057,-7.063888685454296,-57.43093250985081,-94.32035929504991,2.6472214000413983,98.34417590134831,-133.3114600362097,44.30725096471982
-92.39088508601003,-1.590053030907359,0.6490322540804834,-74.37233951162078,-8.933906632337434,-6.6546841053730965,-52.69014551683413,-91.09398854759417,3.9678559218953517,83.9345243595415,-126.74846969247633,42.005147196117285
-93.13903465747893,-1.5078892695492783,1.4817638581172987,-73.85355895631022,-9.162204424835489,-5.753791866645866,-48.247413681056585,-86.39115967039358,5.103528361367299,68.0168404735077,-118.28952456471912,39.073601286880084
-93.84399649275177,-1.4016547113209488,2.2436725014331476,-73.47933557859841,-9.394394607589042,-4.465075717419633,-44.58300875490532,-80.32829653547351,6.0009220372329555,51.022390128040016,-107.82639203584219,35.239491323649204
-94.51967086530921,-1.2850132328319295,2.9155409522340534,-73.26241450120413,-9.62464022149462,-2.9443456392481755,-42.144059891178145,-73.27146611385214,6.67664514473059,33.59770405915058,-95.23163168889747,30.15764862123268
-95.1832754372889,-1.1673075877677583,3.482948412538925,-73.21244325363719,-9.850965756099704,-1.3750883269521326,-41.24150023270224,-65.8861044876733,7.223284142537864,16.574454433028745,-80.44497372850483,23.559089079542005
-95.85328825529149,-1.0514568832376152,3.9420370401816873,-73.33199078899177,-10.075328452263236,0.06160831689777213,-41.950088770486694,-59.078857154468416,7.800994372666264,0.8995379814178062,-63.685348087322396,15.45031816441095
-96.54680965511494,-0.9330879740611004,4.303617597883221,-73.6121424967487,-10.301841377746303,1.2169620015020879,-44.04472614114278,-53.834869517339904,8.610344442258114,-12.462960043249467,-45.665251528854505,6.29469871802948
-97.27674651860742,-0.8011663059488657,4.593876275272017,-74.02890949947232,-10.53317644542929,1.9983342070091261,-47.00278215824104,-50.99329889176978,9.846041220779295,-22.649062358811584,-27.65544959369783,-2.9029363952303306
-98.04942043235566,-0.640113761245236,4.851068702887414,-74.5419367595232,-10.765896554925156,2.3820636387311023,-50.0873509602672,-51.03014038898774,11.639224653238625,-29.02346023519409,-11.30519367100636,-10.675627493752822
-98.86319529342128,-0.4330482221507244,5.118819463132426,-75.09680897060514,-10.986264166450788,2.4124810190481782,-52.501057321270935,-53.91899769885348,14.005690217739604,-31.30347416647941,1.7553857306494887,-15.369786207365177
-99.70849124443814,-0.16542889852617648,5.4376862921100875,-75.63150825037148,-11.16861462263858,2.187521012797041,-53.57039031897009,-59.11971307170618,16.821623757627034,-29.65263997439382,10.381670275366215,-15.587741770177505
-100.569171323735,0.17184073998795987,5.837295786136329,-76.08638372821902,-11.278172334419793,1.8348802834927265,-52.900160911150934,-65.71141555623156,19.84216667725243,-24.714440505546353,14.243236223871767,-10.68896794656479
-101.42486700262869,0.5807849098050508,6.331410623016322,-76.41569645610049,-11.278924057094034,1.4852858395996071,-50.43899940414984,-72.64272416853157,22.762824055079864,-17.55820093840267,13.845816244610024,-1.1760187796516113
-102.25346014691868,1.0567804892449937,6.917586012289573,-76.5978677704868,-11.145087940083107,1.250017022549634,-46.42254062037189,-79.02088646291057,25.305442199310587,-9.521979006324626,10.196029059663157,11.217053287368577
-103.03275074424484,1.5909336425339877,7.58165351644444,-76.64142243399316,-10.872654026330085,1.207789209734053,-41.20311980871482,-84.33341760997948,27.295672468217766,-1.9709332441166751,4.22461922130631,23.840376827920124
-103.74041587359076,2.173496014232673,8.3055491557394,-76.58449727294537,-10.486483780850552,1.4019121231325367,-35.019635322281005,-88.52148541760384,28.694443456086162,3.9702904033017306,-3.745008299765707,33.80652930178727
-104.3518515710318,2.7968527746803127,9.075741235720166,-76.48748168848101,-10.03928591426513,1.8441067960357795,-27.791959866516862,-91.89147249158759,29.562734833187903,7.628602008109863,-14.11854105195244,38.8212756600317
-104.83642505902607,3.456682966605285,9.889374024003954,-76.42030648852723,-9.601373383107646,2.519143385370369,-19.02470669987824,-94.91900145967688,29.974618367349002,8.85740967746159,-27.543873146692835,37.86265649037963
-105.15375528111146,4.15060523441929,10.756241039668254,-76.44751427340927,-9.243479963994744,3.3862243063114903,-7.874861225325761,-98.03892861690562,29.92002538647888,7.93051130197145,-44.03626517932214,31.465969426556672
-105.25231083911139,4.874605151281276,11.69618926121299,-76.61509315550745,-9.017636514728977,4.377768559675301,6.610056016260799,-101.50596515553312,29.23558040513916,5.286480764903421,-62.282123625696705,21.543843177897397
-105.0723799997388,5.618353414450635,12.732778782752364,-76.94275437343856,-8.942075939613616,5.4005421300524565,25.131744146675658,-105.34782756624062,27.584022241592045,1.2489722260339204,-79.6065990949873,10.827423751138669
-104.55422336334514,6.360955636202739,13.884654822000856,-77.4236822721985,-8.995106508309597,6.344652829784319,47.75924706543577,-109.36676809129537,24.490844648141188,-4.113292192322026,-92.65723487180827,2.0955547969933503
-103.6502868079714,7.06872460650248,15.15632578711423,-78.03121270006372,-9.120316501462776,7.102259418747871,73.65752628881701,-113.1392120200413,19.43971180554718,-10.894599688952534,-98.46846224361418,-2.607588091465154
-102.33838885740566,7.696262849785144,16.530224438361667,-78.7295355566963,-9.24205229442277,7.5923593296263965,101.04881195397284,-116.0065618256516,12.015469719408106,-19.07387615318656,-95.49362702268746,-2.5476869810233405
-100.63164890134524,8.191450704009746,17.962032416581504,-79.48450222816173,-9.28667236218421,7.783836375622986,127.46529672652555,-117.08334163595153,2.0628926224793243,-28.20826478223797,-84.31668500457131,1.5366519078240075
-98.5813312351391,8.503850096479507,19.380833196914725,-80.27126351630359,-9.202736796499467,7.707860435886236,150.25104952310792,-115.3041774399812,-10.186066115517086,-37.30906468608521,-67.791948292551,7.787957239356527
-96.27088663920458,8.594778197757124,20.694515045001303,-81.07717634017617,-8.973296568246303,7.4531785522352845,167.1781294589358,-109.51795457411356,-24.06269805267022,-45.040134659201655,-50.32498694634438,13.99612557082484
-93.80246511878579,8.446381309426002,21.799524644956477,-81.90028173385991,-8.616342082164522,7.143319369323048,176.99032586092002,-98.64253109740223,-38.52192327554169,-50.1772905810074,-36.29269248019309,18.446211707486263
-91.27966516013328,8.066986441721873,22.593378419644498,-82.7449601780306,-8.174231311678154,6.901388522035504,179.69704146854266,-81.90496778361464,-52.31582727594183,-52.09228532115323,-28.237546218794858,20.4575421112011
-88.7912628616518,7.491001889587094,22.988327553845593,-83.61675955673766,-7.697201397174757,6.813077147231046,176.51938860824552,-59.167781513648514,-64.23877653286203,-50.99865382416621,-25.79230671606531,20.415714675890044
-86.39998826891349,6.77332116437996,22.9245444536668,-84.51793124731499,-7.227709578320342,6.899534918535335,169.5109707445363,-31.253897138196443,-73.36499168799119,-47.82285491569546,-25.875191551285656,19.386035930238105
-84.13855954140206,5.979864953542682,22.380720912108046,-85.44441761619953,-6.7908481599124,7.108592550420148,160.98339271523542,-0.09392064090114971,-79.20177049134841,-43.7801085672678,-23.98627404154289,18.557247679847812
-82.01284135284389,5.176922477540784,21.379458531286936,-86.3845380220441,-6.392718186823693,7.32690383443563,152.92308942147275,31.47060180021869,-81.72326989888985,-39.89060316236097,-15.98121225119915,18.760578387524212
-80.00991959215881,4.422035242089854,19.9850968157685,-87.3195709104218,-6.0253315318896465,7.409149295943301,146.5782883056467,60.25968618160327,-81.29419819648993,-36.6715342955447,0.38238532664170233,20.218236457837463
-78.1077936834392,3.758438244986559,18.29313045685234,-88.22640114343855,-5.6746666737621565,7.21559867087703,142.32501175545818,83.55017918586705,-78.5174971899362,-34.11103298555595,24.643724894839,22.559340898121278
-76.28365387027046,3.2138716229562667,16.412862930775205,-89.0819707876141,-5.3282767014658265,6.647445699936609,139.81101640896443,99.81107808923032,-74.05102208283685,-31.872311844250966,53.77581384151945,25.040187901630354
-74.5190396660305,2.8032042250100067,14.44747733550297,-89.8685247936966,-4.979939156288035,5.670806305663373,138.27464185962796,109.08747378483103,-68.44737096721504,-29.586495383812498,83.10581765985197,26.851071431531096
-72.80176298140877,2.53309375505929,12.477062858849619,-90.5780776553778,-4.630509901275022,4.324378896904093,136.88534477914922,112.85767421604689,-62.069537714450334,-27.08993915510042,107.61784580124304,27.39218747600905
-71.12563217093073,2.4063022263279725,10.549518197975788,-91.21460906615715,-4.285666228439473,2.7107806143504307,134.97025430710283,113.39221873189626,-55.105092132992695,-24.514636511061415,123.18740450005171,26.437912896514582
-69.48949027456511,2.4236579984622204,8.681729981713056,-91.79329418657193,-3.952110149659831,0.9755980405123492,132.0635369863383,112.87015431495713,-47.656188669819656,-22.223198679770867,127.42974480679561,24.160839477049212
-67.89692205048703,2.5828969800629666,6.869948910614397,-92.33717101122349,-3.6339350390731524,-0.7198016301849668,127.8071535539456,112.61652857488536,-39.849269179193854,-20.64989917832096,120.03676733446498,21.037158567553053
-66.35734557823046,2.8751297487102403,5.105287212291609,-92.87243849371738,-3.330428974745657,-2.225562360523277,121.7994865510404,112.72479486901655,-31.90638826908559,-20.131354593474292,102.63075756104226,17.684675437221152
-64.88835646772885,3.2808118665876784,3.3888626264354613,-93.42373401722568,-3.035891586329036,-3.4257947628443617,113.50335028622158,112.14544105025792,-24.14718870049476,-20.792023006822326,78.26597520232026,14.691483347600254
-63.51844280864831,3.767480180855304,1.7415753689712226,-94.01036593674479,-2.741335638916202,-4.253132597043329,102.25990310821877,109.17099163921857,-16.919442123576165,-22.513153318386394,50.76643280523356,12.484939707443813
-62.28875258690388,4.29108406023704,0.20539136212842024,-94.64390661775433,-2.4374230434523003,-4.694358411014157,87.37903405330535,102.13259799100277,-10.486855075992654,-24.975090951943177,24.077624601368434,11.268317064471638
-61.252580703635466,4.801578775177825,-1.1643328752756652,-95.32707271848487,-2.117755257331713,-4.787763105543202,68.27766140045166,90.07756930353317,-4.929369650627851,-27.736404501479353,1.7354063113392044,11.021822751935684
-60.47164362506609,5.251864577432289,-2.3132201202337246,-96.05358354491202,-1.7816791726645855,-4.613946706515036,44.66386509899338,73.23298063688404,-0.11060467445275406,-30.310741216506198,-13.52282494324765,11.543762252455625
-60.00884727340979,5.607726076047198,-3.204655527493875,-96.80871920333152,-1.435951346049163,-4.282135763995397,16.76944917670469,53.139034767597664,4.263237287274208,-32.221402000585684,-20.01844129752202,12.507671652538841
-59.917901165279126,5.855762193013016,-3.8339802930579445,-97.57051477847915,-1.0948030345879296,-3.914000624900617,-14.39908218868069,32.41807576405894,8.510137314805542,-33.03840568298407,-17.282711193805934,13.524157801199399
-60.23079726314854,6.006666040874891,-4.23574120176395,-98.31175850242194,-0.7781591278728415,-3.626701655871768,-46.87055339947336,14.224014352448208,12.81306084064183,-32.41592676096983,-6.1060995445289485,14.207187562246613
-60.94506221994074,6.092452510975547,-4.4813176740842255,-99.00302454447046,-0.5080773127309353,-3.516759130379213,-77.69075506866014,1.4919711671800868,17.097559847010352,-30.14285682865119,11.529090187881426,14.245382405182259
-62.01378425803209,6.157939145621075,-4.666568191324814,-99.61675457086245,-0.30395101113653406,-3.6464741289721316,-103.17703396345364,-3.8329736060789528,21.00100773826659,-26.203371376004252,32.66922310271813,13.470775563749834
-63.342202136655764,6.248493524349278,-4.891761210602427,-100.1319592106078,-0.17756286003478144,-4.034897327726907,-119.49673257206064,-1.3792358624194563,23.95386229383074,-20.830186108463927,53.79583019901516,11.907820168377585
-64.79433498840933,6.397286328912798,-5.238487901339822,-100.53865822491417,-0.12942183390932469,-4.655366684973649,-123.52707331059571,7.447903509140614,25.34816384193282,-14.52691952445943,71.40779555024272,9.781841316307727
-66.21112391395356,6.615635383713048,-5.749775940475558,-100.84094906049752,-0.14771178926016082,-5.441037025930725,-113.82412938477273,19.753579506063904,24.736948800153147,-8.034817914524655,82.7009021066942,7.472059631322949
-67.43797762288322,6.889356892885683,-6.419542211299776,-101.05766111910987,-0.21058656213079469,-6.2984892789252225,-91.40020458379341,31.899940408145,22.001704662260114,-2.222157883947195,86.20390652725807,5.408671420706919
-68.35567467817754,7.1825577313037705,-7.195534514180364,-101.21986047030647,-0.29166517192862984,-7.127634311525643,-59.9588618908965,40.523652219456054,17.44327320064164,2.1101052387488095,82.19801086119688,3.9314319897130425
-68.90611585746717,7.448334916057059,-7.996209399045076,-101.364981727034,-0.3676738867249532,-7.8441709699570765,-25.33961373153762,43.52761228063964,11.77750101125847,4.481042905267936,72.75680917097743,3.1434217964830067
-69.10481132855071,7.643656913296336,-8.737234751386938,-101.52807762914132,-0.4264550910055904,-8.3994819306406,5.811827105305548,40.71516251716634,6.023149394727563,4.978590089740583,61.31627709443883,2.806233666668831
-69.03546246505037,7.743775987190391,-9.35894289725645,-101.73151121500888,-0.4731658226304116,-8.792759013613036,27.781972655265953,33.79400277310603,1.2745792748251321,4.419250079376063,51.831041863976544,2.329717266692652
-68.82765333165084,7.75090695480796,-9.844458051382105,-101.9751741861997,-0.5325530171368513,-9.071711243238893,37.29409916593098,25.689119693376433,-1.592990751436768,4.3354905353561675,47.73644423663057,0.8970053740224306
-68.62449793558827,7.693584456648029,-10.22131591930211,-102.22974713439152,-0.6458396543469355,-9.321138743652932,34.17011787727127,19.415519375614934,-2.169918828199583,6.741474333159445,51.020997463361915,-2.281290686861132
-68.55051325469509,7.616772770346084,-10.546531632296428,-102.4353857887828,-0.8620282819517084,-9.642066579228006,20.934057704676345,16.985226113248196,-0.6005479382465791,13.696099106777316,61.692278264661084,-7.653285047702843
-68.6893167834473,7.566640972233752,-10.882644429887968,-102.50736790385675,-1.22512066345442,-10.126870208272976,1.6244123115289408,18.830303049231475,2.510843255225936,26.76151810464973,77.8053290199019,-15.059270084918746
-69.0763546632398,7.575886495487683,-11.275990765504737,-102.34869603392352,-1.760331031056892,-10.836865538122858,-19.615674267553892,23.977139300856898,6.304089370779968,46.50455437516573,96.02980251473079,-23.613129921306122
-69.70587845661916,7.654772221900177,-11.746311723525455,-101.86772887835505,-2.4631773419799794,-11.78774590166704,-39.597244525174006,30.81324538871351,9.873957663424559,72.18946683109618,112.53901039705212,-31.79397865481794
-70.54646278720875,7.790383329987905,-12.290306041818232,-100.99717885020979,-3.294935155258795,-12.945502345185755,-56.48777669147965,38.00399459189556,12.440024879132443,101.76801284246845,123.92430943417097,-37.74982163332027
-71.55746326734719,7.953446430793264,-12.894702592630631,-99.70990945990201,-4.186346506384698,-14.232275321913052,-69.61751412251863,45.1025236057767,13.4930175110933,132.19706195037898,127.89451914532376,-39.7457129720431
-72.70036110661842,8.109480377794483,-13.550265673170273,-98.02732523769536,-5.049174061611289,-15.539244701366465,-78.99636595556008,52.53792484606896,12.907415753066157,160.0242728171335,123.62954833125403,-36.63115312930746
-73.9426737326525,8.22973457244862,-14.25834926515622,-96.0177923397958,-5.792934956610222,-16.742829443232996,-84.8781049556967,60.94043966276928,10.943418647746409,182.10350091441956,111.74407413846984,-28.17864179208375
-75.2559745831835,8.297900959842107,-15.025940230241487,-93.78504875066764,-6.342654403460811,-17.72091867869637,-87.56852281449054,70.18786770139015,8.104417230658195,196.2552928420865,93.89995764327588,-15.178300744294509
-76.61177669502132,8.310951766945225,-15.851666061992486,-91.44923879005121,-6.653197173219813,-18.366888653601322,-87.4731524499459,78.81697091050242,4.938307842635792,201.69694329320285,72.22015641934493,0.7433047380411404
-77.97881054368256,8.275366045323791,-16.710452606468465,-89.1252275293422,-6.716750421877523,-18.600178147860948,-85.2095090277348,84.23298099060725,1.9012716694630527,199.13238133905904,48.721101514819665,17.512330561446145
-79.32320722326443,8.201672227563567,-17.54528831639146,-86.9035616509208,-6.56201172382734,-18.372969195570466,-81.58527208549228,83.59670729560993,-0.6861418163990077,190.49036432434673,24.9415842396715,33.07024231871891
-80.61098821444321,8.099963821191674,-18.27087039556385,-84.8385721658016,-6.245910112662261,-17.673072606520517,-77.402382461643,74.88899602423558,-2.6329660486672433,178.3961038767424,1.8548975130223397,45.77295681148168
-81.81142646284518,7.9776324126656535,-18.788583669966087,-82.94592853871077,-5.840514638499334,-16.523454535661124,-73.21215597982251,57.702459772645646,-3.8589876532913094,165.52900933416714,-19.968065930701318,54.63778814234206
-82.9002164223726,7.839208970362357,-19.008105156927403,-81.20920904088142,-5.41867557961374,-14.978845464210885,-69.18398375450516,33.53036569080065,-4.374298633639215,154.03896048529398,-40.08543992647418,59.41264279226137
-83.8619986305506,7.687520908785426,-18.86901131395782,-79.59267767713665,-5.0418063727736815,-13.119558770931535,-65.16589525543851,5.497583011983419,-4.256411593869688,145.16289180249697,-57.9847627941691,60.48989358642386
-84.69200189305491,7.525287453531591,-18.356002698020145,-78.05614544318836,-4.752249702864001,-11.042422080468397,-60.88833639516503,-22.376234880258103,-3.62180084861084,139.11809871303814,-73.07432503745461,58.70942642379887
-85.39652393766048,7.356470904030031,-17.503440361329325,-76.56777128751904,-4.57119755028387,-8.849144781871344,-56.188992025212336,-46.1518074136482,-2.5942502697724943,135.26718649806736,-84.82875050288622,55.103539807289735
-85.99202292099825,7.186953925268793,-16.388241179604,-75.11176441567879,-4.501538028768309,-6.633569637347646,-51.14985912183636,-62.87273751191103,-1.2805458511874874,132.46675878488415,-92.95014785698882,50.64419160778244
-86.50284695929211,7.02436105677926,-15.113716314912724,-73.68981076192479,-4.533730623419785,-4.470457198681201,-46.10288464362317,-71.1223808672658,0.23777557882563877,129.45280504684126,-97.43170614416016,46.05253022384302
-86.95797570058998,6.877086767378664,-13.789398044931398,-72.31710649305113,-4.652255858171658,-2.4089222138226916,-41.52842322493005,-71.1072718435293,1.8986067246358833,125.14519629564163,-98.48327213372394,41.708225486457465
-87.38742580432795,6.752806040500666,-12.512492731375792,-71.01541351977895,-4.840484205464421,-0.4728956311088588,-37.907850786423666,-64.31266075559724,3.646329741289315,118.84068968135782,-96.33090662298957,37.66027938493134
-87.81905529880179,6.656877315050866,-11.355331304938497,-69.80599651283124,-5.0827745186187885,1.3309839614152246,-35.59153869860872,-52.90180809065148,5.417061780379296,110.28980642958531,-90.97208709522468,33.71275949438249
-88.27634127824331,6.591078831477982,-10.360771506485417,-68.70469337621151,-5.363833454224401,3.0002498244490177,-34.721582596828846,-39.07813603776874,7.12802880211468,99.64598347287738,-82.02914708396263,29.545101607776182
-88.77735515051313,6.5530555118563285,-9.544929299130795,-67.72023697926353,-5.666397131301342,4.522605897490767,-35.2217125611087,-24.601775021935186,8.679053668793127,87.3129948271603,-68.81130319732418,24.830302013034185
-89.33476840980495,6.536701125329247,-8.904689778929125,-66.85579421571454,-5.968808932339721,5.866079292179204,-36.84377436878684,-10.569194384123199,9.970416915070206,73.75244869329006,-50.594839394678786,19.331225358480115
-89.95645641726259,6.5334713566454505,-8.426589283009012,-66.11276528762676,-6.243942930167726,6.977250245403042,-39.245348916454944,2.5374959960629653,10.932399252320469,59.315432550579985,-27.032715820118277,12.97326862844406
-90.64620150904904,6.534366406602917,-8.093955519716424,-65.49527786945607,-6.460265479508884,7.789002085395666,-42.06869890064333,14.60958334623505,11.554788739716525,44.1545056230709,1.448256626695639,5.902106909336763
-91.40409592733823,6.532115916570747,-7.890445085740584,-65.0135742567744,-6.5849219392010605,8.23625584244715,-44.996314203529785,25.606742257398242,11.903854211596066,28.24750144759515,33.403419687661355,-1.4695944827094656
-92.22645432741066,6.523011981046687,-7.79983147528635,-64.68468943417622,-6.5879369953142835,8.275594639828725,-47.770905292637835,35.31923990274575,12.11845152908387,11.526179152567767,66.37551146701733,-8.4396784204874
-93.10533083360299,6.507898313269314,-7.803407463040568,-64.5294929362496,-6.446220838540936,7.903213619400596,-50.184838914394376,43.2849165240197,12.383258967339186,-5.9273304058903715,97.18013167243305,-14.046451736484007
-94.02804151285218,6.492024003364708,-7.877142826594353,-64.56625538199182,-6.14621470549589,7.165599879209818,-52.058666246767686,48.87819274475466,12.883789471807535,-23.672134658670522,122.43733604733889,-17.18181739383706
-94.97730554042424,6.483760446323619,-7.990597359841278,-64.80218373784018,-5.684628072961917,6.158818063097922,-53.23253397194164,51.522157903161485,13.753675718644903,-40.760101256732845,139.25340930656878,-16.80421237925908
-95.93258521806509,6.492491543557205,-8.108678181803112,-65.22547579985655,-5.067583852113752,5.015065859393916,-53.5847554104098,50.93298813482871,15.028912574346595,-55.72850218416547,145.9047889094242,-12.235459720009768
-96.87281455215815,6.526249572902283,-8.19600081724071,-65.80091859592382,-4.309252890747536,3.8788034629106267,-53.073396530981505,47.29418008508389,16.62435166113614,-66.79891012745652,142.34339878861437,-3.4807829745701953
-97.78001792884908,6.589815299658931,-8.222331636272033,-66.47152791188097,-3.4313386649696267,2.8783679986994812,-51.77889914041318,41.27574729266652,18.3442867393324,-72.28929987153262,130.33999120145631,8.530596758119538
-98.64264573904588,6.683971987849207,-8.166876986134335,-67.16713143324942,-2.464257853112909,2.1012107669450897,-49.91454263292003,33.86410046362439,19.932800411032687,-71.15151844317477,113.12925140813351,21.90623107750973
-99.45719019001895,6.8063618993208115,-8.01943657930863,-67.81846391939659,-1.4496010693062031,1.5804859750949074,-47.77203896684739,26.046840608182066,21.159599549661415,-63.451026858870975,94.54270179767218,34.04892917471311
-100.22696473710484,6.953949021780293,-7.777653551515295,-68.37294741170963,-0.44209449280152696,1.297449654749105,-45.589578100143335,18.472047648585168,21.922224966507468,-50.57091138669409,77.81550096993385,42.22282470313974
-100.95770682989534,7.126522676166689,-7.441296213791535,-68.80689069473091,0.4912819013269236,1.1989811313888952,-43.36780382789884,11.231735015558067,22.329815878366368,-34.99564691717832,64.46666195563657,44.299850354338574
-101.65065153725871,7.3301444606108,-7.0059571856274925,-69.12945516778457,1.2767394928576283,1.224079710793359,-40.69813703993556,3.879136016246521,22.726553924353745,-19.702725755783696,53.752808271714414,39.43209701357456
-102.29467555314172,7.579157110083356,-6.45907543957461,-69.3766714200218,1.8439509788806663,1.329306268319049,-36.68511673151609,-4.3118719622016854,23.624381545966724,-7.385446382214394,43.07615418972521,28.38017187580915
-102.85975623474815,7.895518173291497,-5.780472858655548,-69.59776895996417,2.13969614107602,1.5029557023154796,-30.028030770895555,-13.950853097679357,25.545494238517243,0.19478051538570468,29.3442746394817,13.361772517184466
-103.29406696574266,8.304845017801515,-4.947899568108484,-69.83894399760254,2.1418850943550307,1.7623677340581447,-19.27915578354311,-25.16688583368316,28.81334903255813,2.531931746325328,10.739357840140551,-2.518248803082861
-103.52641995590605,8.829529238624549,-3.9461015450479273,-70.13004800090943,1.869963089661619,2.1366028942659865,-3.232864964659439,-37.425985831715465,33.35719885774374,0.3339449538274186,-11.962118134129934,-16.04943648828224
-103.47459877034228,9.480311967493215,-2.7764803160596774,-70.47781141771426,1.3877531430102936,2.6436279462663945,18.652173165627314,-49.59051825828656,38.59627631223811,-4.812903283494671,-35.20556925294173,-24.661365595132278
-103.05869837297665,10.24846871298007,-1.464085956487967,-70.86655402069684,0.7962306654125643,3.2731727274623132,45.91927520307887,-60.167892659554376,43.44812820716675,-10.955449206058583,-53.77731576437733,-26.94531028815349
-102.21721105979867,11.10097665294188,-0.059551760139687104,-71.2652498082269,0.2163834537715703,3.98246440302925,76.98378528846679,-67.61824492425332,46.475648705403046,-16.340765212640438,-62.79309775806722,-22.87304694496615
-100.92251208572053,11.980638401642414,1.364811796390521,-71.63870106062583,-0.2345164705020342,4.704899361548627,109.28429322742147,-70.59094664069713,46.159852254859096,-19.903482684720302,-59.67864888461189,-13.721212374910351
-99.19189479926591,12.812161865811136,2.723949016409893,-71.95988788045301,-0.46726016237020973,5.366133326727381,139.72096076835703,-68.03261588963527,41.2564842693659,-21.50118952892106,-45.23426009957642,-1.7384556352528535
-97.09070029018888,13.513760541314413,3.932247380310333,-72.21988830085961,-0.43868021968010107,5.9008882510981975,165.29542310283423,-59.20488771330696,31.15416268919027,-21.76360275486174,-23.327132661818034,10.407089248775875
-94.7255669273245,14.012161719219336,4.916985027485623,-72.43183184049916,-0.15764201908856187,6.265789858871146,183.78104483961826,-43.705716754331846,16.110630725600473,-21.614780274035343,0.5682430382714074,20.31572868962232
-92.22824490778078,14.25744869208816,5.631000190595479,-72.6273280015082,0.3228833583374589,6.445985474321928,194.21421311848647,-21.553846604581437,-2.748094054136675,-21.76580541503245,21.308567789442865,26.488502963820878
-89.73320673071214,14.233605778340774,6.062101814942967,-72.84729613941076,0.9248447704337217,6.455215088485636,197.04484239532496,6.702626246809527,-23.68930838615984,-22.515424244009985,35.76578178773953,28.660165576300166
-87.35452868300213,13.961553335899154,6.2361276961552985,-73.13165646916458,1.5686595204955927,6.330916658073876,193.89952877297102,39.94901752306973,-44.79670751432032,-23.915096060953562,43.651259926495925,27.697126142711273
-85.16823225642615,13.493765674753973,6.211013176283368,-73.511867421249,2.1936606102277256,6.127342172318874,187.04442548160628,76.58701292666468,-64.38922836350858,-26.01534575051442,47.21843754371904,25.1388614800264
-83.20479071114634,12.902313301391747,6.061898593015167,-74.00750621383177,2.7697575707801256,5.90919484337583,178.738645765299,114.70192159713258,-81.29296033412754,-28.903013741423866,50.11427670688606,22.61036296535574
-81.45309180238591,12.26409146994588,5.861624224022272,-74.6255543326684,3.298303096256577,5.746038584220211,170.699714046181,152.23812546632084,-94.90673399067167,-32.51748785997377,55.93666773534902,21.32433335594429
-79.87329921728212,11.647339881838096,5.664276834111995,-75.36050535659808,3.803778036898953,5.705625885353869,163.8379988165998,187.13975766751196,-105.09545792509925,-36.450556840488375,66.97066210104688,21.79800846749695
-78.41364553423053,11.102468527519854,5.498801613345824,-76.19451906989525,4.320263788662433,5.844100811010043,158.2840965085617,217.46229899201694,-112.00520957763062,-39.91864386789237,83.43334793288844,23.830231459237094
-77.02606036428779,10.658424505808318,5.374702149109414,-77.09814378806644,4.877451870298048,6.192871155523388,153.61642550856214,241.48357826097646,-115.89652148795639,-41.94832824854164,103.4278850751692,26.713591044324072
-75.67711945751273,10.324162787940145,5.295570029603459,-78.03256543453607,5.490321803479042,6.74487711585826,149.15623326163677,257.8651292152762,-117.05179730790005,-41.683980251686876,123.60098718602376,29.577137057175594
-74.35294576598409,10.09369119829504,5.272584241166385,-78.95385526553926,6.1549568893777264,7.4457878744925425,144.22220295126078,265.89595575978365,-115.76101424335866,-38.67144359092539,140.26108202977977,31.71191491508348
-73.05853343121208,9.952711343833501,5.331018725122851,-79.81880195300177,6.850812360101784,8.196508430615955,138.28566006237617,265.7579265594773,-112.35268386781381,-32.99560182891359,150.55525228997317,32.76308930970324
-71.81313809672929,9.884918422160723,5.507068554749382,-80.59115912632237,7.547785184882274,8.870272512840941,131.0213211057704,258.63560962353483,-107.22690595154492,-25.231626830096467,153.30114858495187,32.75546348207577
-70.6438832680491,9.876416226791097,5.837070188743262,-81.24681592251541,8.215236540061207,9.34080944147445,122.26570992404292,246.49648639099786,-100.85691417631624,-16.25793343219861,149.21770448440876,31.99354135010396
-69.57973161764517,9.917392319152455,6.343841104668621,-81.77660595595674,8.82997460072569,9.511766934220123,111.90656547119087,231.54842388343076,-93.74757577211655,-7.020415503909545,140.52605705967906,30.906195115351306
-68.6475640969554,10.00109579107565,7.024848125924959,-82.18615361113285,9.381041117960761,9.336704677137456,99.75349534423204,215.58981253071025,-86.3585986762221,1.671469353187597,130.11912718095752,29.89598817671532
-67.87128788521099,10.121054620612904,7.845573813205764,-82.49306518438809,9.870512457059125,8.824085439178358,85.44910751608145,199.52955520739368,-79.01079171403761,9.266529999041332,120.63747744184298,29.229384506771215
-67.27373972779426,10.26807494826727,8.740067286441672,-82.72251645473881,10.310811896672048,8.028487632880196,68.47090696352743,183.27234654070458,-71.80601289596856,15.49512064996063,113.77895168818361,28.982531722110195
-66.87998709114176,10.428654608910358,9.619363141259736,-82.90256477925774,10.719823688205173,7.0334370723446735,48.25630787959984,166.021219096706,-64.59612896242494,20.309752563005112,110.02798615751303,29.041722945476835
-66.71987422893572,10.585945469539302,10.386887549889442,-83.06028127142898,11.115347927706505,5.931920455770737,24.449799178759015,146.894714225732,-57.02307160751261,23.783241366478492,108.80425971178836,29.147301035395003
-66.82761717950177,10.72342099471602,10.958124744331514,-83.21924973148239,11.51029546873796,4.809261595473224,-2.7777331533898115,125.6333205233685,-48.63085707851029,26.01095359653426,108.89054152676685,28.965005529669998
-67.23701078242053,10.830229504163627,11.28005479855377,-83.39839679455834,11.909662280713734,3.7310981616510084,-32.43245959152592,103.12288046579208,-39.03098848212968,27.051247651440985,108.94535929406443,28.169101802763254
-67.97221265021304,10.906250049875421,11.344898335185851,-83.61173393837882,12.3098475587361,2.7374284311760366,-62.541993094296366,81.5111530568798,-28.086557353627928,26.917125864505426,107.92730255846111,26.524497401678197
-69.03573643946866,10.964537146633981,11.19346396063612,-83.86850496853229,12.700348152647127,1.842348011238589,-90.24180247026305,63.82248528457285,-16.06852766413329,25.611778656241945,105.32785131705558,23.956619386867278
-70.39674316183974,11.029409432672962,10.906335029818882,-84.17339546501572,13.067328982811324,1.0381931748169997,-112.1411556822823,53.142827550456595,-3.7345657937095225,23.187434182965465,101.1947921542804,20.59664648981154
-71.98351267300312,11.129859167518982,10.585183402796257,-84.5267257856234,13.398115899593288,0.30234986081493,-124.92208013966369,51.607894977875944,7.710971339609756,19.804498108661733,95.99408543431724,16.788362268122743
-73.68376514195798,11.28979402445477,10.32947098858149,-84.92474788560288,13.685383544741482,-0.39497975313122247,-126.05893485736658,59.53462438158765,16.79758680604045,15.774633802242855,90.39290471657041,13.045896705579787
-75.35513266346315,11.518145215638627,10.214379181429921,-85.36018455400784,13.929800617875692,-1.0832548002927034,-114.50983417350938,75.03339043582965,22.096301655900383,11.578152092548438,85.053842939541,9.960134639666698
-76.84566951057538,11.802392353565265,10.274652870254688,-85.82297977691809,14.140188691001914,-1.7847883793156072,-91.21284693061916,94.29827371320003,22.59185196142608,7.849185797833352,80.50979786432632,8.062767035925695
-78.02126913202919,12.108254254301992,10.497543278704821,-86.30098670593156,14.33083206673889,-2.508676426295427,-59.22158117939682,112.54495122077711,18.015750456191768,5.32882896483899,77.14521765770371,7.668928445750102
-78.79399761125957,12.386413447781282,10.826477125634373,-86.78018265007458,14.516352440964761,-3.2457418991383253,-23.35470569484056,125.3508590994337,9.030677998111681,4.799116802312804,75.26468331389495,8.731222894765878
-79.14367272703683,12.584834091933429,11.174757657153066,-87.24408149403502,14.705349188599252,-3.965609368922589,10.66739923306768,130.01633966988032,-2.810805012799899,7.018654079519152,75.20758207055692,10.747015314919583
-79.12550367089851,12.663257389959972,11.445646695404113,-87.67229607670534,14.894576873974023,-4.61772503204306,37.461939671785004,126.50401783828363,-15.352916840425758,12.674472892051648,77.4674296482274,12.76278624382746
-78.85979319952115,12.605449301273547,11.553277163638285,-88.03858151763849,15.065602622738433,-5.137890966836954,53.274906670038334,117.53486339885937,-26.31028440166324,22.347648049101927,82.77384609588091,13.507375659921374
-78.50513530825955,12.42514169346901,11.439332076231787,-88.30904912543893,15.185556059870853,-5.460318536176947,56.87860828260098,107.63521429262599,-33.79310676144034,36.4703329699119,92.0830132757867,11.654167132685657
-78.22241462873501,12.163395539276198,11.082557331773344,-88.44150201286759,15.212737074553223,-5.532727142304654,49.685230893188404,101.41724893469392,-36.72624595979546,55.2428194310742,106.43123883093749,6.166345203892028
-78.14054592912545,11.877838586779898,10.50025543360205,-88.3869399968064,15.106576620832792,-5.329838005130646,34.9933424902283,101.84661705331072,-35.049739147932044,78.49212219596787,126.66121942467134,-3.359905425189954
-78.33418760908255,11.626946206967261,9.742248456732451,-88.09406440459836,14.839994316180716,-4.860318131270691,16.709845512026952,109.2177770307023,-29.655897572347214,105.4900122577897,153.08308914072438,-16.455997231565846
-78.81865268946596,11.454241391859808,8.878797824357818,-87.51689028044679,14.41094714710329,-4.164690005317751,-1.8590142224814876,121.11909291703542,-22.089679139865332,134.80305710032854,185.13685336369585,-31.736353747655706
-79.56039761414938,11.3773681271569,7.984956033994555,-86.62435537080097,13.849382212280576,-3.305890883686383,-18.640223441916046,133.33536432848928,-14.109846293818077,164.28872342682666,221.10913435142365,-47.09866051058124
-80.49629927009741,11.385367536731584,7.124673630283636,-85.40950701637207,13.216318261484963,-2.3572868488982244,-32.714151149671736,141.4358134475794,-7.244773756003065,191.33622972514274,257.9677901907686,-60.15221262048202
-81.5537167759255,11.44460843899517,6.33845927582586,-83.89511084237968,12.593584760370392,-1.392843242988242,-43.81343118968216,142.48883092332034,-2.4704613360051764,213.3641348483547,291.40990407184563,-68.78179730797527
-82.66580373484969,11.510684285083467,5.638132924588408,-82.1329384251847,12.065608087770865,-0.4812215333101293,-51.87762897837156,136.07988155332617,-0.1024274820353149,228.45609903779882,316.24804062219783,-71.69112530120965
-83.78043310878078,11.541581956545242,5.010649130687712,-80.19575056804925,11.69774296163531,0.31779079784199227,-56.957271896046834,124.05410471582984,0.0922784892162345,235.89454148720188,327.24306216598535,-68.74943744234334
-84.8639372529302,11.507643025788067,4.429969938613695,-78.16366732354352,11.517727988167788,0.9575421828116453,-59.38332862727948,109.24218833662732,-1.3285083023787672,236.32748781173078,320.3578865020415,-61.017205440484304
-85.90151070656604,11.396066091658307,3.872608690369816,-76.10904625891756,11.506665840939446,1.411057194732265,-59.901094413519296,94.09425583774842,-3.676275677502941,231.4613932857887,294.12646720629454,-50.44141944366295
-86.89523932115816,11.210363244715682,3.330681453727486,-74.08473378578013,11.6030655453422,1.6780803078288238,-59.56513195687613,79.97042945212154,-6.2411028779835735,223.4230878393142,250.56994908661486,-39.32918322331907
-87.85986112988304,10.966665994606384,2.8173901979218563,-72.11899320182694,11.71884691042059,1.788142566086381,-59.42038736823857,67.20292848897533,-8.354579681922564,214.0769437105464,195.11558301255246,-29.77014426204834
-88.81648242987178,10.688741467174255,2.363250411248341,-70.21750947503712,11.761817298231705,1.7957556227363267,-60.14474423714336,55.6212608512126,-9.462032430019129,204.54166462216386,135.37821393369506,-23.17706401260059
-89.78530478733929,10.402846268827895,2.00510928537439,-68.37041432502977,11.657052447843581,1.7678626999495886,-61.834140204169195,45.145252252747355,-9.216096808649201,195.03546515111088,79.22231111556057,-20.071084271790625
-90.77912753011731,10.132982524825499,1.772376328004169,-66.56134985737654,11.36072017999201,1.7680717573961648,-64.01900713636492,36.14220828925905,-7.558229281902227,185.09230079055078,32.85527125875782,-20.166408434266703
-91.79940094265316,9.896975278897214,1.6753588679509726,-64.77602118736424,10.863423042130998,1.843499737408067,-65.88605575433739,29.41461094284668,-4.744866816099085,174.02657103872255,-0.37775087684732755,-22.68366322646429
-92.8358720820474,9.703841508837414,1.6994354295775835,-63.008696991262234,10.184294169624417,2.017773846436039,-66.5946424870757,25.87635044889783,-1.2963150026390693,161.35824711811455,-20.191746055698985,-26.71582286283576
-93.869714852242,9.552898892424812,1.806585986720803,-61.26603529078362,9.360053586266526,2.290233162518515,-65.55833336517557,26.11572150603299,2.1255504263980685,147.01149269582055,-28.654248944572696,-31.50455817689366
-94.87894013710287,9.434850653463773,1.9432962776163567,-59.56814395425962,8.434085671272156,2.6390939022968087,-62.60480054103622,30.07650322141223,4.8828954180497135,131.2958171337615,-28.955456672195492,-36.56552645817273
-95.8442811110681,9.334694716112805,2.0519541029206296,-57.94700839706432,7.449468809786613,3.0260057944965317,-57.99292717553938,37.00253110583169,6.527208505214086,114.75663477091061,-24.126393332932075,-41.64673434516582
-96.75386339607415,9.2358349247264,2.0822162090521195,-56.442626273162155,6.447559161088271,3.400415217747256,-52.31740880753313,45.639155970610226,6.914557053231134,97.98077487038452,-16.11724842579013,-46.562438830547556
-97.6056420854046,9.124385975297468,1.9994917935270067,-55.09758996814772,5.471158732710505,3.70353920613348,-46.35614681616207,54.564525761608195,6.233056615670392,81.42184886823311,-5.48552968050986,-50.99987729986508
-98.40740111115237,8.99255056283902,1.789116081736064,-53.95133982118868,4.5693675804805975,3.8728170306946903,-40.9158818059553,62.49912744006783,4.934011782531744,65.29765507433109,8.288003441846463,-54.40275964175775
-99.17471436969669,8.840203648212484,1.4562411163712214,-53.03548242626394,3.8005358856625775,3.848000328139364,-36.709320289597265,68.50046744874018,3.5924785377893196,49.58971840859025,26.057428897726197,-55.997496911574544
-99.92755165546342,8.674375555453478,1.0224522658290969,-52.37112705323664,3.2304418032125986,3.5794843246306742,-34.26685619150477,72.02861766566907,2.7460123352685133,34.138907864464485,48.163958806783505,-54.96349314850213
-100.6862565496431,8.506978347282548,0.520499990749359,-51.968295957118656,2.9246183127810546,3.0383757782809,-33.86977097079798,72.91618594247463,2.7625630896519078,18.789354674128752,73.7873442529507,-50.682404932848236
-101.46758438940584,8.351627669969169,-0.011558062885094422,-51.82662682074331,2.935999205773671,2.226627680883826,-35.498034424630326,71.28737404611168,3.7723563906731656,3.5115122281296762,100.69518533205763,-42.96789493916166
-102.28147023902905,8.220603769755497,-0.5358550059484202,-51.936246940264425,3.290968833029919,1.184733524980627,-38.80448177537415,67.46245516587699,5.6740059482875065,-11.538992412298692,125.4509274605252,-32.19098900880378
-103.12916342913081,8.122831685864872,-1.0192620885268235,-52.27797946601003,3.9778316535108287,-0.005823866103921521,-43.14087390575179,61.87076098126414,8.202041003594216,-26.023724617117757,144.0178298352444,-19.26621783270994
-104.00319763605427,8.06333215543757,-1.4366162115593255,-52.82277805434436,4.941392930855746,-1.2277765558451497,-47.6566462262879,54.98384566384408,11.027637498333835,-39.45954770356514,152.61477716883354,-5.522719938958226
-104.88931735267161,8.044071035797437,-1.772379916578613,-53.5311309281254,6.085919830319226,-2.342083364771927,-51.466518523227364,47.271260878029274,13.859564958888843,-51.26933176742025,148.63673477125536,7.4833549986945584
-105.77002879420313,8.065697421116276,-2.0206472007259872,-54.353725816170794,7.286700749219793,-3.209758554558494,-53.85149474505928,39.17259745716121,16.517239515880405,-60.838367033359404,131.42880372628943,18.1686489908694
-106.62898973899094,8.129441612026055,-2.1836213324400786,-55.234617997693825,8.40833432638698,-3.717823046339831,-54.436005806553645,31.073107483471603,18.958180504095267,-67.59118172316441,102.70136794361117,25.125084271466633
-107.45509154160884,8.238489391463117,-2.2688425821490545,-56.11740951224345,9.32628807621866,-3.8032720945061027,-53.280351833590245,23.27193955382481,21.25599440227788,-71.1046704365676,66.4267633168729,27.34425749501524
-108.24494864838759,8.398412116286972,-2.2855085012445016,-56.9537114194827,9.947458196532807,-3.467971335687642,-50.84286000733041,15.94425990542573,23.5406542636815,-71.2434920973287,28.1716896152597,24.464856034950273
-109.0027304118927,8.616598438346845,-2.240311345315968,-57.71183416551002,10.225446938465415,-2.7787223226382123,-47.802027554649996,9.112518086820753,25.924582462300673,-68.27677160152969,-6.0444567178148425,16.978221073068124
-109.73686387504709,8.900958506944542,-2.133402948749503,-58.38278224110881,10.1670141320364,-1.8505482410560965,-44.779288905741666,2.645914593840018,28.44002208147168,-62.92724935873723,-31.14345119518765,6.269052168108926
-110.45396832334477,9.25832573657621,-1.955355830751686,-58.980785549190166,9.827810794803629,-0.8167482329154732,-42.04383497854384,-3.6970004446743774,31.00501460756301,-56.29732775439404,-44.26768727054874,-5.607660997081597
-111.15124770657226,9.692899745254378,-1.6861632734308987,-59.53712150092854,9.298146640715748,0.20548603374059038,-39.293604456688364,-10.175259635450221,33.420718115351974,-49.6333474118039,-45.47863204708793,-16.390806795759936
-111.80926614771164,10.204794360783358,-1.2971888499434483,-60.08855875463515,8.682540960975437,1.1427680249168946,-35.59473140672343,-16.931003304571668,35.38719637089906,-43.98621266751361,-37.53162726155473,-24.16164598485694
-112.38737368346914,10.788442486188677,-0.7564122461531739,-60.6642424795186,8.078766986415166,1.9777458186025196,-29.5286006689981,-23.841443784215755,36.51893718087161,-39.930993361206966,-24.784540786024472,-27.773810959580867
-112.82385931761297,11.430537634390104,-0.03643028056226272,-61.27586135710658,7.56189789504568,2.743250274381734,-19.53705680582322,-30.400773754930764,36.35330420086854,-37.4974594851483,-11.732745072897213,-27.025268382660244
-113.04207562455699,12.10756107411466,0.8762569919631682,-61.914844287377754,7.176648221324952,3.5025183087902407,-4.386556203860383,-35.69343558948227,34.36413949943944,-36.33660239367356,-1.7865624152314248,-22.55225079627946
-112.96232461349365,12.783633480313595,1.9728070914849107,-62.557590057853076,6.938298708982201,4.3236815001279325,16.379480389682083,-38.51583383769151,30.002314327451188,-36.003716532250415,3.3520568388244634,-15.52769924698355
-112.51747251112903,13.410003874887707,3.2167166863942747,-63.17652858008503,6.839914143063696,5.256878848140083,42.14448406371368,-37.651399657702804,22.78071555175775,-36.197462014818825,3.697854188170018,-7.3014742564174515
-111.66861551240072,13.927502936364146,4.543397532490124,-63.752508144526665,6.8620535208978515,6.3199363541723015,71.18920359007481,-32.23486988880564,12.403382410911108,-36.8570874085937,0.5214061022150224,0.8768621188816474
-110.4163460755197,14.272579580138876,5.865379137502142,-64.2835887906794,6.981103658825407,7.495357187461764,100.96098419496593,-22.096653149933967,-1.0904695089969658,-38.09967024099172,-4.3945388645377585,7.992221728665841
-108.80381830774826,14.386305468794664,7.082558998396786,-64.78699232515193,7.173973307438368,8.738044946422159,128.5813725085658,-7.957083094811603,-17.220656888632476,-40.04583230121812,-9.528809396849853,13.325168237926366
-106.90998023161683,14.224457681440878,8.095652190340012,-65.29400678007411,7.419575533229598,9.989706240701958,151.45785978845717,8.645008366902548,-35.0502256262392,-42.64465489502737,-14.059398424763026,16.546546767810383
-104.8344430646826,13.766059315988876,8.82013904446393,-65.84067266444443,7.69956231987595,11.19320280042275,167.82822601355565,25.723869469235837,-53.28394050834695,-45.625637704650465,-17.640903017900776,17.832684516088275
-102.67823650921203,13.017967021309977,9.197985824434749,-66.45856108569335,8.000527020249338,12.300401291507606,177.0815920032704,41.41784158077728,-70.46885311508927,-48.626265713961274,-19.68494379454677,17.8545437069595
-100.52586568415676,12.01422072310432,9.20531881593348,-67.16911597968125,8.317623774380781,13.271242121886772,179.77080879201907,54.55151564507321,-85.25406390563808,-51.38612470512628,-18.854070893012764,17.5483305997868
-98.43323069256033,10.810467167699214,8.855536461556468,-67.98254068220903,8.65738859825368,14.067354415442523,177.3362414596903,64.98048923011375,-96.64542998348671,-53.82725706874525,-13.291398444410765,17.77248600973716
-96.42373923677522,9.47519581232911,8.198212679460267,-68.8998188437196,9.03732639770522,14.646459600620679,171.6580299154456,73.60363165133757,-104.18199404163117,-55.967023104390684,-1.417538487585712,19.038473780530314
-94.49238060858517,8.080253657267258,7.314175597511626,-69.91563755434402,9.481431996034164,14.962329117044908,164.5947034919729,82.05346057550025,-107.97630617726327,-57.7669039328641,17.232742286432554,21.410704197495235
-92.61547019229933,6.692913454161366,6.306674100912538,-71.02075181927876,10.012785300135803,14.971079977806097,157.63543923837614,92.1751997853982,-108.60704764380966,-59.043965767577255,41.57178762107925,24.56134508227129
-90.76266861393728,5.370803636735556,5.288271578727455,-72.20355328289219,10.645555595432265,14.641031416954672,151.72225624664864,105.4423846332625,-106.90760171333572,-59.4953694741623,69.10326161480182,27.920456204925944
-88.90783735367717,4.15972206865388,4.363596852482658,-73.45123765651407,11.37892052774538,13.961840452812492,147.23011748350012,122.44662137168648,-103.72789441649533,-58.807002842698424,96.56518969848062,30.856302423820374
-87.0361799610297,3.0933292691720764,3.6095637933279394,-74.75084026401017,12.19475161065712,12.949315923929705,144.05293808828773,142.57854707436366,-99.74575847991868,-56.77655338605581,120.78723391173608,32.83507608590309
-85.14665973609485,2.1933978661681004,3.056966798570952,-76.08999675731263,13.05973155441345,11.644413086231136,141.73375073441775,163.99315271469754,-95.3744748380808,-53.38798604794258,139.424647493009,33.530956327147074
-83.25044287472753,1.4697525055666925,2.6795628316562192,-77.45707529983665,13.931226795075034,10.107261060438532,139.58647320376903,183.9047588901778,-90.77443949668888,-48.81240429385137,151.3361557406863,32.873402252802464
-81.36743113812896,0.9198887253093667,2.3970009789796674,-78.84049178526928,14.765179958762111,8.408615771942799,136.7814967647154,199.18167743801487,-85.94315500537303,-43.353180793647056,156.56366342514926,31.03116502309819
-79.52320431367387,0.5289525144017279,2.0945184935074157,-80.2274259372405,15.523855309717508,6.621391128578156,132.40426881695115,207.1066027413467,-80.83190113516503,-37.37552417362105,156.0286489451576,28.347472615802946
-77.74782413210391,0.270968558647207,1.6557325744325184,-81.602533201355,16.181556211296062,4.814113545899054,125.52193096448903,206.0599838974304,-75.42429037984748,-31.251572584592747,151.11394305070118,25.251662000404497
-76.07651750065993,0.1119386980416914,0.9984874016377496,-82.94738702137458,16.72724237013744,3.046877105441374,115.2916152438484,195.87763408006546,-69.73435434867785,-25.330479763058626,143.27451145645253,22.172073558356267
-74.55098897923334,0.014852978642676054,0.10139593459601348,-84.24122694412672,17.163944278747238,1.3692858615591073,101.1125323812212,177.7780326482427,-63.73512059516721,-19.927306518772177,133.76873713185122,19.466252001947844
-73.21951491622293,-0.0540528141409495,-0.9880722687703776,-85.46316210309136,17.50565426656961,-0.18059612449380946,82.78999176120742,153.95524424181417,-57.27444793510546,-15.317859542815947,123.54600733886389,17.37392769807055
-72.13420017436327,-0.11907335739239348,-2.166090701560766,-86.5953912967175,17.77277886139672,-1.5770070486606595,60.67247310119151,127.04940451518075,-50.04492587413004,-11.726688193968021,113.27086572337923,15.99153540348687
-71.34467425518358,-0.19041606605405556,-3.300530001487709,-87.62649823493987,17.98728664148662,-2.8070502123168577,35.72794379908491,99.68470572779208,-41.65180358809917,-9.300086013676854,103.42093996706663,15.266764583496993
-70.88874323989016,-0.2626095046790436,-4.265290044386621,-88.55376359326421,18.16851969894387,-3.870688574545742,9.540695187970822,74.17336376390129,-31.784514056156365,-8.0668154353619,94.38299022339613,15.013661596702367
-70.7817457252418,-0.3167947830835714,-4.971117184066961,-89.38376937289087,18.330363526490764,-4.779747367979713,-15.788554049556002,52.38960623485057,-20.44927337141587,-7.903297301532325,86.48992192374371,14.949197638923257
-71.00725969726513,-0.326916274569529,-5.3852888842330975,-90.13112895126146,18.48012336131909,-5.555682598337663,-37.86653971494062,35.734767907879174,-8.1774468651729,-8.527722081845427,79.98221359385232,14.750213973411809
-71.51211793310587,-0.26885647478307767,-5.535940209009254,-90.8157012237489,18.619064118348174,-6.226126358043771,-54.362354440721205,25.080712288929057,3.890678878989438,-9.540920892012503,74.92294691434108,14.12441984991014
-72.20822748275101,-0.13059115119848544,-5.500442609088113,-91.45901906869727,18.744203678293363,-6.820551740252903,-63.44681255388967,20.622808901508158,14.123753116835394,-10.512288237775723,71.1266075104205,12.881206296426901
-72.98233744371103,0.07934198230982657,-5.380845245713791,-92.08083747827821,18.850691984320175,-7.365794996019996,-64.21643199583504,21.67365226552578,20.7366136612645,-11.087858884281786,68.16247901997983,10.98183568878071
-73.71277530333991,0.3280576386979835,-5.27286248772112,-92.69665643528761,18.934033974258234,-7.882472504124563,-56.97873054894254,26.53782745196712,22.283444766527126,-11.086891766496027,65.46227141569389,8.55033263213503
-74.28984202807634,0.5616226744940431,-5.237599738124357,-93.31680106521534,18.99154228561777,-8.383337472537576,-43.29103285704699,32.66322384803003,18.166778301681713,-10.556373452641262,62.5174858650479,5.838184808297522
-74.63494500645655,0.7161280871830412,-5.2858137878479905,-93.94719741506965,19.02267374233972,-8.874233403028342,-25.69914842619748,37.201909146140956,8.983112582094874,-9.763934831290912,59.111267279192,3.1501686073384954
-74.71347093337482,0.7346302003186648,-5.381661535043337,-94.59145030168597,19.028202274774216,-9.357564105389912,-7.209611328555276,37.928889168503744,-3.4522250325934523,-9.122195412604873,55.49956711868566,0.7475961070127399
-74.53807323523752,0.5854456348217127,-5.466333091022392,-95.25331506301072,19.008435899543013,-9.837312066627835,9.373054617178193,34.23373186912169,-16.469637321687447,-9.049945375919354,52.450590720794025,-1.249197027076512
-74.16190976297379,0.27581431751703084,-5.4933769867061715,-95.93829651889507,18.960898687955336,-10.323916957026679,22.045623821526355,27.719103228508693,-27.222881051015655,-9.789080214864525,51.08782947164652,-2.9310809727654688
-73.66426716176414,-0.14447319873532824,-5.460691885209429,-96.65309586762123,18.878089644541216,-10.83711874803147,29.945715246975453,21.918419239291516,-33.45442978768362,-11.215915282363747,52.55696225621737,-4.613869827516824
-73.13279495321297,-0.5921013364473691,-5.423528394131747,-97.4021504079428,18.746049492046314,-11.405408219975158,33.317137797706174,20.92782128355463,-34.070638175431846,-12.707024902166527,57.62056383870869,-6.781178013132449
-72.64684081411856,-0.9703405224715564,-5.480419154105601,-98.181587029136,18.54441831173359,-12.061954627205312,33.12615923473392,27.40194971617613,-29.3409700059539,-13.119970103396895,66.34379058339034,-9.9646602893399
-72.26558299247009,-1.1946329735911971,-5.736740053503384,-98.97220559951339,18.24842843027764,-12.838293276271731,30.499124362933713,40.98367824589313,-20.70354542436053,-10.92270073294496,78.0101666264156,-14.5843222276059
-72.02329525873817,-1.2157872734219441,-6.261628455264975,-99.73403528570748,17.832921300556553,-13.757856879145535,26.20340965692019,58.12945061370732,-10.293178384097018,-4.471144320845255,91.28151727774782,-20.779933761886703
-71.93213825900423,-1.0334261915968932,-7.056991952259192,-100.40506852826944,17.2780586704029,-14.8311028878102,20.349406768055257,73.44941659930961,-0.3569620139694967,7.600205616139492,104.4875685408263,-28.272454648572232
-71.99042310674962,-0.6954479200611425,-8.051245750498182,-100.90584498704851,16.57589279917037,-16.052771902913946,12.432246141797709,81.85435333850326,7.286059498229319,25.95300061775082,115.89757012947184,-36.29892283997616
-72.19225186947301,-0.28383164476792155,-9.119407680870108,-101.14990153458461,15.736382211181148,-17.400573663407584,1.7435782343220034,80.52595598666039,11.61526129282872,50.20222845248541,123.88776352367078,-43.661979938170546
-72.5341032312093,0.10845215560853542,-10.120985531176647,-101.05824892945871,14.790981627354224,-18.83417255845947,-11.98399839031749,69.96401704659229,12.526914721543083,78.77784437200917,127.01066196918718,-48.91951217932166
-73.01577600068677,0.4018990165125582,-10.941468822065122,-100.5745570400103,13.791940152558611,-20.293989423769197,-28.028005156484937,53.825506314322105,10.682428141720408,109.07387706042411,124.04154919860405,-50.70247105933006
-73.6362387990352,0.548639613339123,-11.523132263300882,-99.6771016306876,12.80620678973554,-21.700605509760383,-44.577296121414406,37.655986708001095,7.153710181379729,137.8935517938691,114.08853382073244,-48.09345999767574
-74.38768093779828,0.5392051303346309,-11.875449096370776,-98.38404052743118,11.90437276668658,-22.956624575984844,-59.22690935653959,26.855688176226685,3.0098679930985086,162.10121720575006,96.78710477260984,-40.94876723068806
-75.2519612295824,0.39701358662528774,-12.063113904153715,-96.75026529437136,11.146935771118226,-23.95306616059554,-69.88162016671795,24.534714377755694,-0.9933374733644884,179.30685296826772,72.51626831256921,-30.035482239757233
-76.20222238630349,0.16401537118734713,-12.177999666183377,-94.8565159508718,10.571564314858529,-24.58150683582189,-75.62309425593736,30.163005832948464,-4.5264717902295315,188.37948197891313,42.551341210769195,-16.900942126594572
-77.20943884131313,-0.11637620448622768,-12.30687646729299,-92.79382170456681,10.185223742666755,-24.751277460050005,-77.08069441679785,39.65535318908571,-7.610219401567956,189.6299826378965,9.078275734805116,-3.488644739094344
-78.25080914397608,-0.412859429164262,-12.506796637769341,-90.64771350777423,9.963725782831991,-24.408384409943388,-76.11947353888668,46.81435402070777,-10.427498462874123,184.61526832108888,-25.021825264676142,8.37007156890184
-79.31587764730772,-0.7123490087217474,-12.795090298708498,-88.48647509652805,9.858887806827452,-23.55058147090552,-75.02867865436652,45.48937500724076,-13.116132230126444,175.65013680011606,-56.66332943743473,17.400725065355154
-80.40756614409104,-1.0179439354276774,-13.153914419176747,-86.35595057415706,9.810989735171676,-22.232817422568424,-75.60786988512034,31.663179937141177,-15.62064062646959,165.2024025363974,-83.19945073500722,23.12351074767772
-81.53791457872394,-1.341079589039982,-13.54359228077376,-84.28076874579713,9.76262978324564,-20.55983682269467,-78.54664268964518,4.784248207094146,-17.66050470942948,155.35604614566174,-102.97729328897427,25.84296517718125
-82.72067205510788,-1.691876681616388,-13.916709400313149,-82.26961447591076,9.669961052748551,-18.66701401790358,-83.32298990063104,-32.0418252575944,-18.828138473199072,147.469613956589,-115.60990440567475,26.435007999362266
-83.96388501120127,-2.0716838156556734,-14.226750090280072,-80.32159022976282,9.508491731323744,-16.694566473645263,-88.58962270517968,-72.98294510055126,-18.768812431908163,142.0687447233518,-121.90316347947537,26.019712820943134
-85.26517613601685,-2.47028873870206,-14.429936126288329,-78.43167955738501,9.272541324398793,-14.76230494810102,-92.80648638045056,-111.1554309874136,-17.35339775424965,138.934183526199,-123.50529677659695,25.617282506068342
-86.6110058134716,-2.868025184755634,-14.484031693485242,-76.59464973780058,8.969393595280748,-12.951274404811919,-94.82005806037425,-140.46234731322411,-14.759624231092147,137.30806525374177,-122.43100691067818,25.87739299504607
-87.97957975919465,-3.241073054448813,-14.349806290109616,-74.80751473203672,8.610675949585886,-11.295782865256095,-94.18479793987044,-157.0221657312699,-11.426517984690665,136.14098781377808,-120.61363854432275,26.952176647099275
-89.34586636687611,-3.567407780262328,-13.99822733463444,-73.07091984803972,8.204205453382796,-9.786093415498751,-91.17738483762264,-159.81774419738423,-7.908184819616916,134.32425485890548,-119.57040420384153,28.544596927932055
-90.68679325596258,-3.831219332746342,-13.421332938798294,-71.38980388448336,7.749284295691288,-8.379750564134257,-86.58042732546213,-150.50236367404347,-4.694414028196819,130.88238721360108,-120.18702422966021,30.107250307271027
-91.98508740117276,-4.024742501831317,-12.640955616485217,-69.77358312114782,7.2372019294435175,-7.018353182702187,-81.36987884214678,-132.5773833985135,-2.0730757401836057,125.12411125768242,-122.597435240753,31.111942137040273
-93.23105899465614,-4.14765980250446,-11.709680644900786,-68.23596969496809,6.656822723604265,-5.646180928467945,-76.43078423253904,-110.29888185129123,-0.08427399987091615,116.74887818636498,-126.15372621087415,31.282843933209346
-94.42244377603755,-4.205032848021081,-10.702273978453437,-66.7945019385936,6.003228623069404,-4.227094213393819,-72.37481128614942,-87.65822059181065,1.4280291605560984,105.87696610258499,-129.50901052765533,30.702404295103044
-95.56287224747625,-4.2048876013281316,-9.700470071059057,-65.46995594648018,5.286137613087715,-2.7565306865848775,-69.47471315050464,-67.66993343182693,2.7020565449615184,92.95431808459031,-130.84991172242337,29.753860212040593
-96.6595700838769,-4.156255236376493,-8.776603182152911,-64.28591151019582,4.534691410985407,-1.2663501740022447,-67.69129442470827,-52.060211588435756,3.9361875105749333,78.53859773618231,-128.28418898185217,28.924489845025892
-97.72074236013223,-4.067964778973812,-7.9812285578310025,-63.26868520723133,3.796242353000811,0.1782803392797092,-66.75557641092418,-41.32533278669229,5.206794987801347,63.064357346744984,-120.31820895944006,28.54107742351142
-98.75303273341835,-3.9480771921857793,-7.337577624851505,-62.447483687861435,3.1285796039987543,1.4892168476453236,-66.27283568625276,-35.044501700113,6.451070825970717,46.716084910825074,-106.31688181307761,28.53629111536921
-99.7595086724735,-3.803663414455047,-6.842937791080807,-61.85402779552721,2.58700589394158,2.571011079686997,-65.82290940406506,-32.29773258105299,7.512843302648919,29.48782950840083,-86.83649796597827,28.340031392045688
-100.73862566580516,-3.640637220481958,-6.475013019643955,-61.520423810256084,2.2092921266812007,3.3394871886278352,-65.03904799318352,-32.054031410734694,8.226672092222442,11.41542780160785,-63.741666446192575,26.956825976199674
-101.68446174858445,-3.4634781538819768,-6.200491832829835,-61.47419480021939,2.002494199241039,3.740436417354143,-63.65803233978397,-33.441354970289275,8.503578331953307,-7.11404200264317,-40.0480725589113,23.23708770722313
-102.58824901193795,-3.2748375863899373,-5.983286054930712,-61.73031229069606,1.9357044849872778,3.765207308846076,-61.54509512633829,-35.866000485800996,8.38504085141346,-25.111306719106835,-19.46714127265253,16.28509978254715
-103.4409399666212,-3.075141190810913,-5.790763265013982,-62.281507347375545,1.941858712827549,3.459575472105751,-58.701669916681055,-38.99934040924284,8.04748056173888,-40.92209095272062,-5.678522693940021,5.886497894257852
-104.23624766953459,-2.862343874461043,-5.597317584319592,-63.08952720453058,1.929707668632921,2.922461495889424,-55.26025530961065,-42.68451225954031,7.75833724322281,-52.42974638739098,-1.4388247292128358,-7.192651525055965
-104.97333145713901,-2.6319582432807467,-5.385452055542732,-64.08072549525815,1.8042667815258604,2.292451868133826,-51.46371153085003,-46.829783391306066,7.799742510179456,-57.51377246251252,-7.737737974123545,-21.166991336681725
-105.6582279960705,-2.3773850598622412,-5.144978394694963,-65.14897386612795,1.4911128361665216,1.7229294556681065,-47.62415269419792,-51.34528813512816,8.384591493940823,-54.65913663587348,-23.28385665733688,-33.52267018341108
-106.30340984695192,-2.090456342589264,-4.870990654586777,-66.16724661313275,0.9577579318753826,1.3504408743853098,-44.06311161186798,-56.144896568604885,9.592698787425661,-43.534151873159445,-44.57981948653334,-41.611364749458396
-106.92541651447628,-1.7620154466124596,-4.561164838658007,-67.00669291994782,0.22503945280978774,1.2643792347621083,-41.042276400829444,-61.1962558341758,11.350188619759928,-25.31943148713075,-66.6922664793656,-43.40843515246392
-107.54105510818991,-1.382366174839498,-4.212897355378336,-67.55933295100745,-0.6362922564179916,1.4873671008090419,-38.695814941240805,-66.58316182104987,13.460630671176252,-2.609901920617055,-84.56430030508663,-38.19766688340282
-108.16296267339258,-0.9415429069199203,-3.8208127627853425,-67.75871144468695,-1.5240637876155532,1.9735319210808635,-36.97211862157021,-72.54196534827513,15.674945390617285,21.14648980560184,-94.4648743858102,-26.91735441425095
-108.79531588584283,-0.42953755531106824,-3.3750949072631506,-67.59281255720187,-2.333114135865051,2.6262152987844267,-35.58858492903552,-79.44153599205178,17.7684404653292,42.49821100909561,-95.05679848814208,-11.99391001846671
-109.43028198567134,0.16322436923784048,-2.8608836774798156,-67.10552106888268,-2.9844892912788334,3.3294475221467312,-34.00499513390427,-87.69570147308077,19.587934925681957,58.78753263527848,-87.67165970997993,3.318002346375856
-110.04560318412013,0.8448325830278094,-2.2587439693539793,-66.38622500992813,-3.4454543167280502,3.9819051010464284,-31.43062108220267,-97.62183620409022,21.04672029734279,68.58610830849362,-75.67163991676239,15.866956392398844
-110.60362824966205,1.6200824909556841,-1.5460616440588728,-65.55057432731425,-3.7335360278473884,4.52096076860768,-26.886784068918736,-109.28497136556697,22.074729364028876,71.68669606148788,-63.10510300236099,23.47796413530192
-111.05215185679778,2.487998835530626,-0.6991877231703674,-64.71783389471443,-3.903770954949458,4.928946620255907,-19.338423751036547,-122.3906111245357,22.553726433535974,68.78622584869936,-53.144208830118544,25.475191648025447
-111.32746646548338,3.4390580125970076,0.30374357274820074,-63.99100165939981,-4.024741226951031,5.222200320969479,-7.890008313096638,-136.27895451798548,22.26765746839353,61.050133649550716,-47.00220767287252,22.7117445747688
-111.35991789490562,4.452653343271465,1.4791892491838574,-63.44461096942055,-4.15311761947593,5.431483394076846,7.979610236884999,-150.0126229956548,20.885757233543316,49.701704092094246,-43.912391815408434,17.139232928215094
-111.08190060951983,5.49545530375379,2.8335067274483228,-63.122142742474026,-4.316368309610597,5.585174586645535,28.19137200494145,-162.48822707405301,17.986930019641893,35.748973474599616,-42.13654090264009,11.09239971204442
-110.43763949119992,6.5213937843121945,4.357161567394709,-63.04129123114951,-4.509090357189304,5.702793120127228,51.917229604643786,-172.5053827737006,13.13055455486693,19.94598932268479,-40.295057748913976,6.54654968386634
-109.39338529944362,7.4739646844994985,6.0184798383581715,-63.202634568779224,-4.702344776389926,5.799178938213966,77.57789103175143,-178.79252379306945,5.971682709849718,2.9987131099004714,-38.21720588789205,4.599686997727258
-107.94601624299361,8.291293805093089,7.758548364673823,-63.596916935952564,-4.860451472870621,5.8940081788138405,103.02783593429554,-180.0474284060248,-3.5979506476962393,-14.13493752269863,-37.02318999890749,5.328082188097536
-106.12777120818298,8.913776812486036,9.489625472222592,-64.20820263306463,-4.957755726673604,6.0196705503141885,125.91773099628078,-175.057642458968,-15.322837738535691,-30.10545980826827,-38.617707584890645,8.002991350378867
-104.0051934775345,9.293226395144009,11.099449266152913,-65.0132483819224,-4.988958881915197,6.22210121015379,144.16233030569424,-162.93234948920423,-28.522763007754502,-43.35627628979185,-44.81282230145048,11.530371995392484
-101.67144445781386,9.401593827249718,12.462824867224496,-65.97969812515737,-4.9698070192481945,6.552440141632903,156.38583628378217,-143.4252397457282,-42.13919198897878,-52.56556739041308,-56.31455897492742,14.914283325236093
-99.23281151011551,9.236925721979153,13.459949758571856,-67.066029387738,-4.929031528439389,7.05150397460632,162.20625404747813,-117.26631137845807,-54.895763931479294,-57.104996890134224,-72.02013208677236,17.55503559934051
-96.79206512783036,8.824621120068402,13.99856866219984,-68.22480049424695,-4.895850239824379,7.732750033657112,162.26824058834364,-86.38082974395945,-65.538883346378,-57.273288833273625,-89.04904290902583,19.302072618285916
-94.43267686139869,8.2132816582302,14.034949573430644,-69.40874958432136,-4.8885603858168745,8.570754430536248,158.01411998053823,-53.87384969715267,-73.09246562448928,-54.206643253507835,-103.5128423660245,20.31658336455838
-92.20805206991825,7.466050804523428,13.58773982022846,-70.57776056150837,-4.908430389758389,9.500222771073176,151.2724539962794,-23.675797735393065,-77.04753673822212,-49.53036078334693,-111.64714340510048,20.862743052232066
-90.13847344858056,6.649636868344785,12.739816145951087,-71.70424976602814,-4.940309245063866,10.42633620846157,143.803631803854,0.17237989251972294,-77.42692776420647,-44.89684049501423,-110.8793416443262,21.131422217982635
-88.21589851771863,5.823728576261529,11.626362424100849,-72.77523916919543,-4.9586919704194985,11.243139304275221,136.9371675732001,14.434181797999864,-74.71309976362662,-41.56898620553197,-100.5275783336383,21.150818454830045
-86.4143038883918,5.033182019379166,10.411505460066277,-73.7908658455716,-4.936418118208779,11.854449356137824,131.3811572289348,17.481980809090572,-69.67300103109011,-40.17642334802635,-81.96168223176316,20.790750592601675
-84.70192301023782,4.304434293812245,9.259184002468253,-74.76053078579218,-4.8529101074743135,12.191743214158846,127.21954400198187,9.710696251527574,-63.13748353082767,-40.69552311679232,-58.21053856077758,19.83881547022647
-83.0517638110406,3.6464378434436706,8.30521505377715,-75.69855920580358,-4.699538258735095,12.225009498161365,124.05902229355902,-6.5464427109165655,-55.797627645543514,-42.617322663860335,-33.162134044862846,18.11482703017331
-81.44794753473558,3.0553427166867997,7.636564900138093,-76.62093838073999,-4.480874602682678,11.964798353655969,121.25151258933008,-27.53450306776117,-48.07219899623179,-45.21357023992403,-10.613313269345543,15.58565643166925
-79.88718492593169,2.521421319491982,7.281412800213879,-77.54379837004505,-4.211895694527062,11.455993750355159,118.10639455501712,-48.86650249914658,-40.076914793859196,-47.80154579663763,6.557333142235224,12.44201482356684
-78.37649351872199,2.0364182115567933,7.210779458188794,-78.48334341421719,-3.912341062359881,10.765727902704757,114.02515590182142,-66.40423045853144,-31.692978456920066,-49.93029725878112,16.88297713859688,9.105561408408482
-76.92937290067809,1.5995403396505035,7.35005588907385,-79.45630162339314,-3.6001985004107864,9.96906983540382,108.53750940660989,-77.05231087398886,-22.704151926235635,-51.44990519527405,20.363973417020766,6.152958185892842
-75.56262827154362,1.220570586386421,7.597089508935289,-80.4798030139571,-3.286465547090562,9.13641891561325,101.26886052630888,-79.30142718882708,-12.958245466120772,-52.467599174145086,18.111459130676973,4.170804989077476
-74.29503680439966,0.9191028845363598,7.842713594895397,-81.5699276849211,-2.9728236048638825,8.32571510507138,91.89195664405695,-73.40360158491403,-2.5082082209968686,-53.22879817762174,11.739297502934996,3.583402552333066
-73.14777990064128,0.719741739592638,7.989774486306581,-82.73884712604304,-2.6527806166099777,7.580672869650254,80.10129658756972,-61.16119831278373,8.301863027080675,-53.97624547541342,2.7547073325075657,4.51288773528438
-72.14564746563606,0.6442028529161681,7.967669260950776,-83.99123802361122,-2.3155802614961516,6.933783089732874,65.6259711396524,-45.41797364798541,18.82202214882925,-54.833083164897324,-7.8100167366380315,6.726829488978342
-71.31769055223174,0.7022722291555124,7.7407812553314645,-85.32114873414857,-1.9512558733911778,6.410802919707027,48.28436858259154,-29.39761828708447,28.153252589713276,-55.73597862746824,-19.395323566287367,9.696904723464176
-70.69620618277628,0.8841441645790995,7.31053385447786,-86.71048860173431,-1.5550090268175676,6.032902619150894,28.07894874388661,-16.046351120831474,35.26723542106419,-56.42636034660179,-31.584673185939256,12.747086373737229
-70.31353231002646,1.1565432984000883,6.711744233099461,-88.12976970881205,-1.1296420228609942,5.814022445019953,5.321287564745481,-7.515449000269349,39.17569516196651,-56.49521383547992,-43.648843670920584,15.234486153925115
-70.19691261704163,1.4642597076668358,6.004444036273268,-89.5409601768866,-0.6857059537419704,5.753810925931832,-19.24158031314774,-4.8695795166207745,39.128269416077515,-55.46447933750111,-54.23938115664551,16.697431752176676
-70.36241951665312,1.7374806424294917,5.2624493103697905,-90.90173611430752,-0.23982828284147356,5.8294396824476635,-44.34733735775397,-8.032940917992626,34.80848090324726,-52.88259103301915,-61.45071987542515,16.926139204932575
-70.80936339951957,1.903871094787056,4.559952291146814,-92.17025072554146,0.1879616988291885,5.9910777197962,-68.23774448085464,-15.916218967710808,26.490341995944238,-48.42310764583215,-63.294191824450806,15.949705523485651
-71.51660885424788,1.9030589496442578,3.9575306968089947,-93.30967861110904,0.5771653590508641,6.164914145598949,-88.81575186887886,-26.64227842880202,15.113020116416385,-41.985708024058525,-58.40711414410189,13.968002525267432
-72.44175701888221,1.7003189440129143,3.4893451179023263,-94.29204712772065,0.9095253735242054,6.264610284692312,-103.9408465762746,-37.81967317911655,2.2289106575887394,-33.782503960954315,-46.676443484748404,11.269713272834766
-73.52343808679449,1.296055325969191,3.1538142356106995,-95.10107091410559,1.1712335382532706,6.208399681848583,-111.8076643331189,-46.86325255678869,-10.207104936259034,-24.365534946608292,-29.479625170627134,8.163941881408316
-74.68633671167652,0.728320879670273,2.9103851658137216,-95.73375545435636,1.3543774102722035,5.93658267740491,-111.3177072148364,-51.38474510055522,-20.196221185409694,-14.552473010869525,-9.42860101051573,4.927994411467118
-75.848296097122,0.06711609226413688,2.684653397415026,-96.20044746271594,1.457301219360347,5.424032763300989,-102.36462719347416,-49.660747444677085,-26.122476394146815,-5.243996031574104,10.271003270256868,1.759953503712632
-76.92884933625702,-0.5986817441745692,2.382597089255942,-96.5229380657023,1.4835885195455678,4.684415197399259,-85.97812739562036,-41.12219238704998,-27.115721176165955,2.8282078970126197,26.595684163013374,-1.2712428953964867
-77.85850013636,-1.178842217241071,1.9121201538828778,-96.73035665051981,1.439631412473256,3.7659350178265854,-64.27860327048026,-26.712060673926736,-23.228326620559866,9.353243687796349,37.35365267128342,-4.270738745041969
-78.58777476414198,-1.5995702433039847,1.2072460675396783,-96.85301316657859,1.331207427061772,2.7411171885580004,-40.209169816278,-8.914768986828275,-15.376588848426248,14.614264585095043,41.530848294505006,-7.535353001410297
-79.09458896782955,-1.8173590519376766,0.2484397988167295,-96.91497500450367,1.1599703952105118,1.6943680315760226,-17.06772274083875,8.654770563593596,-5.089239014987996,19.519680570387813,39.28952254592892,-11.515825239317714
-79.38825197120426,-1.8258859085118828,-0.9273065026405014,-96.92679413699973,0.9210474485649882,0.7106789176118582,2.062375800760389,22.053576005544027,5.840583920460356,25.465221959086612,31.697161325739927,-16.70538816284976
-79.50885422141205,-1.6547983221030658,-2.2306323112916537,-96.88018482901583,0.6028433428756177,-0.13266017639335104,14.842564351269093,28.015647573160372,15.707718321647638,34.04303328844761,20.32211723477519,-23.461249303553156
-79.5217503290451,-1.3611631869856848,-3.538438359153762,-96.74639184665719,0.18963412212137054,-0.7712236005221058,20.041563154989632,24.890278112396942,23.191081013073035,46.648715956651905,6.828609058138786,-31.799344975957933
-79.50781336495523,-1.0158650107829656,-4.723168208606754,-96.47938381115115,-0.33332529927610416,-1.1566658930608718,17.654526681429864,13.240649296148817,27.553693307708677,64.0646216584563,-7.329186164564251,-41.231492834096116
-79.55071210855172,-0.6881820545213982,-5.685531322696217,-96.02390253626695,-0.973420205241195,-1.2595787767634334,8.794586190541006,-4.104572667058404,28.713295770433085,86.1226968008182,-21.065495328380056,-50.72095944293826
-79.7228285791925,-0.4321265240583931,-6.381436554649262,-95.32704410199756,-1.7249787045252865,-1.07302896318218,-4.55069914021056,-22.6617129704346,27.157382484835107,111.55856845200174,-33.69886461537564,-58.807709168204816
-80.0720888038417,-0.27776921969192825,-6.8342100321982215,-94.35087270719318,-2.5663163576150536,-0.616610837237193,-19.835805478610975,-37.51624621720177,23.71200599544987,138.13640743074663,-44.944515806972404,-63.89847030289074
-80.61295866418409,-0.2294665868041141,-7.126679247076574,-93.08301775428733,-3.460906920954704,0.06037790471312299,-34.39148660145373,-44.85245172050846,19.24850892630647,163.0497965981026,-54.917323902104116,-64.64776361641317
-81.32513867716118,-0.27081219504764,-7.374060845162958,-91.54250433061091,-4.3627885849816455,0.8786638671123175,-46.021000383324235,-43.27696480621391,14.461478248305752,183.5134706479774,-64.12830393033943,-60.3104476545563
-82.16168502290077,-0.37400382338509247,-7.6856254319032615,-89.77915039808303,-5.224885171545239,1.7335122582280054,-53.59396070440889,-34.408286227594346,9.798634221969866,197.39187570179124,-73.41340464143045,-50.94584851034922
-83.0644646640417,-0.5101288990144922,-8.12774529055093,-87.86647058235458,-6.007864274901345,2.50520645080433,-57.29922820548059,-22.422387184152434,5.511818608463932,203.68676010979135,-83.743509351732,-37.403663172899584
-83.98131813821101,-0.6571160332930321,-8.70085692616193,-85.889774911204,-6.686881373879794,3.0755701784805645,-58.36466506081236,-12.66413157732158,1.7435028608251453,202.73712863224122,-95.91884400989613,-21.10524629034812
-84.87864574477904,-0.8034838004762138,-9.337894701296783,-83.93252310784806,-7.254214416884994,3.348962783350858,-58.401985834209924,-9.835528082900682,-1.4116309165608267,196.07108118961696,-110.21529294784848,-3.70328208694727
-85.74569543308085,-0.9477624311329099,-9.92395822533133,-82.0644487949259,-7.717187286630262,3.273896052399996,-58.735897104355296,-16.459922497894205,-3.8862442385778797,185.96008734627407,-126.12042641732823,13.26948422207916
-86.59066873694773,-1.0948389380439494,-10.329621369507034,-80.3342536852703,-8.092428118247367,2.8591525203636152,-60.004059617221785,-32.215369120600144,-5.652420982093952,174.8127090342392,-142.33203963995047,28.66180204089893
-87.43169372843649,-1.2511121670018541,-10.446215582663479,-78.7680764732591,-8.398768293241245,2.1776394007619064,-62.11802227814062,-54.330785010607755,-6.746750363399653,164.57411373266987,-157.10343221854768,41.81619429311761
-88.28676608878477,-1.4202292125139329,-10.211916828649642,-77.37316373904295,-8.65140865169311,1.3538557543544574,-64.50460354154815,-78.765916574631,-7.2845242410444895,156.28141135699585,-168.83049555894382,52.52975939418532
-89.16609185061472,-1.6005262966592106,-9.621904612046725,-76.14487572877393,-8.859206632052095,0.5365460615142066,-66.45391271084796,-101.60802596293397,-7.444292309841643,149.88611768141087,-176.62733381370555,60.911109005065086
-90.06860933886173,-1.784468139391839,-8.722082907348236,-75.07460916746642,-9.025464316280447,-0.1361017802548048,-67.4027991936963,-120.12570929604394,-7.417540916807539,144.3888114653741,-180.6395679009616,67.20813056414443
-90.98269744383482,-1.9597399511727487,-7.59122005011478,-74.1563340050785,-9.15114632395852,-0.5687418442671426,-67.0661468906247,-133.1757041767673,-7.33983456962819,138.24233845554528,-181.98158636694063,71.67790112688422
-91.88984394259549,-2.111394249810043,-6.319014051541306,-73.39010286554388,-9.238644751306476,-0.7297574463134371,-65.42812468444967,-140.9882989345111,-7.240664699208227,129.89905221553786,-182.34011506623426,74.53469797897885
-92.76956021837063,-2.2245050318559487,-4.987148822801536,-72.781978960781,-9.294270204021865,-0.6550870996136435,-62.65872342658355,-144.58529502592583,-7.046361934551852,118.32638314482935,-183.38051894156712,75.96451459664306
-93.603961901008,-2.2868848688762147,-3.6577774831753302,-72.34104141442985,-9.328449420638599,-0.43371657621592696,-59.02004242119799,-145.14284415362118,-6.637971518157447,103.31762273159731,-186.13927893673468,76.16229899291585
-94.38095816066287,-2.2914143728144047,-2.3704771097591646,-72.07503165391188,-9.353765568609711,-0.1790391465935386,-54.79989045950051,-143.53707680187472,-5.930560873437824,85.50514497120692,-190.5962186641479,75.33987474354885
-95.09564924586418,-2.2374694899005494,-1.1458932661941124,-71.98646994728456,-9.38197001565822,0.004586684766685778,-50.28205281200505,-140.17666221119907,-4.92963350530024,66.10809378730967,-195.5703624347457,73.67671688791569
-95.75007980675129,-2.130985062108832,0.007148285382898134,-72.07062241840472,-9.421474044933921,0.04903584956722451,-45.74460117559503,-135.0974312807466,-3.7366644697353477,46.55182755241813,-198.97756877781862,71.2348776122937
-96.35181368869729,-1.9829774637074138,1.084281643081328,-72.31573926043173,-9.476456804638929,-0.06444940004234567,-41.4697383703486,-128.212962753137,-2.504028020591528,28.124796034107057,-198.36430748967945,67.89208607462866
-96.91190230278221,-1.8068055626376303,2.080299745344552,-72.70494014934953,-9.547853880369846,-0.30799614055099855,-37.746500603634374,-119.59384317020974,-1.3644447501605346,11.77563560779051,-191.5622354419621,63.344843241605005
-97.44277110199575,-1.61488494954192,2.9870316061864344,-73.21847625581347,-9.63557250894976,-0.6222773117737255,-34.84946933760489,-109.66845028960651,-0.37196871800392767,-1.9417152215129412,-177.30429421274403,57.205620038410544
-97.95639432087667,-1.4157925612244175,3.794426159942182,-73.83514773654359,-9.740689195802268,-0.937970966680572,-32.985735931800214,-99.27636196554583,0.5154198301849979,-12.823800489140993,-155.6515711873504,49.18068128161035
-98.46293461133843,-1.2126130838886076,4.493997593227229,-74.53233094947635,-9.866291539042429,-1.1967866572627468,-32.2226755359593,-89.55176914996176,1.4049638803536886,-20.93184093160462,-128.0985901656179,39.28214449406393
-98.96987830005078,-1.0030040799922735,5.083188749677187,-75.28494561936414,-10.016045417595704,-1.3662096646684159,-32.430705172903785,-81.66901197315096,2.4077553852083264,-26.502971355289212,-97.2991155571045,28.007647910667067
-99.48164088234509,-0.7809053742892038,5.569016384129131,-76.06425909503054,-10.190442000532794,-1.4442297730953468,-33.27789910124138,-76.5374596431668,3.5755860094318366,-29.868586339049795,-66.48499671673889,16.416274176844873
-99.99961968222169,-0.5392712226430095,5.969721268697581,-76.83746722363047,-10.381827939832174,-1.453635943108197,-34.2917215597084,-74.559721858597,4.861964640468235,-31.37290208124938,-38.767954061982046,6.0410186518947615
-100.52266825102797,-0.2728643898985074,6.313977452255581,-77.56869021842266,-10.570353190183134,-1.42902398126654,-34.9730045559418,-75.54121507154285,6.123835021794042,-31.29215739106329,-16.547319916253322,-1.3898865593364786
-101.0479126899051,0.019843238303063154,6.638094565072489,-78.22164702518934,-10.723325282955983,-1.4017601714091672,-34.926198567451,-78.7730144920923,7.167377348879553,-29.776171582612996,-1.1793720266170034,-4.391600268304441
-101.57172085926773,0.3362788181644286,6.98211094336216,-78.76389601698432,-10.799703117313246,-1.3878362851590031,-33.96212749311121,-83.24825957973184,7.824125650280978,-26.845636217704204,7.056273086486788,-2.213564341944141
-102.09051778830374,0.6709878765245753,7.385610248367021,-79.17211097874936,-10.759655720819625,-1.381534246886046,-32.13339093760589,-87.94713132728495,8.028488197233518,-22.466234160011346,8.755799722724536,4.781799034095036
-102.60106742450832,1.0180925835198673,7.883715357799136,-79.43743047472094,-10.576902785172939,-1.3554961460870123,-29.67948376140158,-92.12281390144676,7.864670132725877,-16.690165778426643,5.04850089949672,15.016344529144925
-103.09982714968122,1.3743006073950321,8.503284749981585,-79.56957011571338,-10.249878471394492,-1.266197059742574,-26.88648354987935,-95.51967917428595,7.562977612417981,-9.816229556144744,-2.80871073813233,25.968736601613664
-103.58102975724078,1.7416056697595983,9.25905144000381,-79.59821214509655,-9.80740317900141,-1.0633156218720008,-23.89687351126516,-98.46291221344006,7.443057277100927,-2.481239991415313,-13.797499050518761,34.80252118602556
-104.03332947099283,2.1287649890389337,10.149493449302543,-79.57034879247762,-9.305875304683765,-0.7017220945022489,-20.530184323518146,-101.78649484228944,7.8167006084376185,4.406858836790519,-27.302279549289477,39.177068262957434
-104.43531787478156,2.550768511046608,11.152806086976486,-79.54303407724359,-8.817747399778726,-0.1547798373475946,-16.18445345907573,-106.60723423601436,8.876911114733252,9.910174984960852,-42.9410405302297,37.952326573749865
-104.75102235940943,3.025929114892455,12.224425885522356,-79.57252682291644,-8.414212281328096,0.5733104173035577,-9.874434931273518,-113.9948295493861,10.608913791523445,13.35685052292186,-60.1268892059674,31.517443103005508
-104.92734351906212,3.5708700434226426,13.298579764278754,-79.7026383366117,-8.147186360219616,1.4397368531823327,-0.427529953541325,-124.62150200386604,12.751528727005587,14.488960065613634,-77.63154014942891,21.63522092064153
-104.89567657924295,4.194358228067764,14.296370088081316,-79.95614444701363,-8.03592886606202,2.363679757335723,13.189304740944413,-138.48326996777695,14.816439219069883,13.361251790792618,-93.41444507686948,10.88766779774371
-104.57922211935467,4.891430900070014,15.141240647197506,-80.33236581574013,-8.062128752115,3.23721312800367,31.48787637970448,-154.75983677218613,16.156968406102507,10.10929951090468,-104.80993570435639,1.9223706762557335
-103.9057404550661,5.639476480313714,15.779356829452386,-80.81153054720087,-8.174862469260264,3.9452277632277424,54.13703360441845,-171.83515712282406,16.076183340425914,4.823147688967123,-109.06377279396979,-3.27927963688712
-102.82329816342899,6.397778091718476,16.19854306243381,-81.36368605393311,-8.304222039761507,4.390289513128206,79.82591270527308,-187.46238518559957,13.964694644925837,-2.338919988284127,-104.18953244526499,-3.9209169710535674
-101.31477200899552,7.111431166392206,16.43695349125283,-81.95840561241306,-8.380032475394497,4.516876843780683,106.39743543716231,-199.04087042696878,9.448480572056178,-10.880479287313012,-89.98449197367981,-0.5580455279423872
-99.40639013041138,7.7195069176865365,16.574027083985555,-82.57202580058963,-8.350330385785254,4.329112038321998,131.24760255620285,-203.9777630049108,2.5117091454052187,-19.777002669941012,-68.79419631497362,5.150721520454924
-97.16691905430244,8.166030241182142,16.70285538649775,-83.19096998723192,-8.193877589305208,3.896686198110156,151.8870331214808,-200.1116240363703,-6.446382322381574,-27.595760068552305,-45.4616195653232,11.052844013527547
-94.69701176338995,8.4111750896345,16.89282663294946,-83.81154003784665,-7.92262557125243,3.345526381174136,166.4991479698462,-186.15288355535017,-16.650826660535593,-32.951126914168455,-26.087038903108656,15.271508616041737
-92.11154665343508,8.439604602283879,17.158372107312303,-84.4374798955627,-7.573608292403641,2.8331256411149877,174.32519636484216,-162.05708289363065,-27.0891026346251,-35.04798892090663,-15.886046932742422,16.832116330648955
-89.51996591301496,8.263511393273824,17.44822783172227,-85.07660224075914,-7.19382085413189,2.512878722835634,175.76366736037045,-129.23439370378156,-36.71326885665542,-34.00139532287755,-17.135328841649635,15.885158680750838
-87.00981061497102,7.919533490949309,17.660119852382614,-85.73735061554584,-6.824170288428108,2.495901169644263,172.16883862777743,-90.51471329712277,-44.64235556385778,-30.780316657840416,-28.218009564464516,13.475470177846827
-84.63711167535939,7.460648077161429,17.674297506253374,-86.42581244890249,-6.488294185153621,2.820808806312839,165.42924333716118,-49.80889796593392,-50.302098990249235,-26.829485620342957,-44.141261516103896,11.02256665759941
-82.42489046476969,6.945558741926473,17.39222917022379,-87.14354867591388,-6.1893705623642505,3.440492173597716,157.46744766169255,-11.463446768571602,-53.47485139564303,-23.55693354668111,-58.22327128874831,9.755503823782892
-80.36861652556608,6.428530371563758,16.766369381341214,-87.88659585916719,-5.914581923884822,4.230267817309265,149.81599531190727,20.585809665784506,-54.272094584128034,-21.898754131093405,-64.26557982969675,10.307134751457895
-78.44577592185811,5.9521257809194195,15.811807889619484,-88.64597592102255,-5.644214403733585,5.015564756394088,143.38426306169185,43.65467102038614,-53.05348252839816,-22.114669953106244,-58.439328193321465,12.575146851505346
-76.62622687054194,5.544206039084033,14.597924074902485,-89.40983312396611,-5.361311184267801,5.611677105660798,138.44542631244897,56.9038699902227,-50.31042391216263,-23.855161520158525,-40.29423041448861,15.846405862575477
-74.88079818786127,5.219253810146415,13.225053467562981,-90.16681219410556,-5.058394152853671,5.864946349642906,134.78564384864663,61.484761509870864,-46.532472865582804,-26.421181977841513,-12.672625879200055,19.096607072293494
-73.1870071405045,4.982856913761879,11.795476799902112,-90.90967487851856,-4.739454521945178,5.684947615562125,131.91287804861196,60.14887882497889,-42.08665546241548,-29.07822482519463,19.291892423825796,21.34062359061149
-71.53196918682727,4.837309989599128,10.388664514370891,-91.63786350338088,-4.417358768425037,5.060503519973489,129.232815040836,56.40202953888274,-37.14837828942502,-31.302736312224813,49.653891096443004,21.92044708201929
-69.91314087650133,4.78603592321638,9.047909688546781,-92.35807805469231,-4.10830011367002,4.057287806675576,126.14548098991843,53.46411444126903,-31.713510658851874,-32.89234787734309,73.12261708320028,20.658921598557747
-68.33766586593065,4.835055878713955,7.7807351629632,-93.08276635982651,-3.8255882882849006,2.7996854130279045,122.06766375547838,53.383327815471056,-25.690989658325076,-33.936976827826115,86.14224614766626,17.856454053104386
-66.8210526822314,4.99091235723678,6.570703374594299,-93.82720592688725,-3.5749019419321924,1.443006218029994,116.42598713341086,56.575321732531435,-19.037297624448584,-34.70195915937315,87.40568726343265,14.155497730101715
-65.3857589546785,5.255866423600689,5.395035159260736,-94.60616630406088,-3.3523398484573956,0.143386272264375,108.6722908529432,61.88288145956076,-11.871949059415451,-35.488667967945865,77.80258317286074,10.334402851499787
-64.05997231288256,5.622346709118645,4.2414441700326115,-95.43094912968766,-3.1455488919763908,-0.9681710595995243,98.32666416198387,67.08294677076604,-4.517694311074878,-36.51729550358687,59.93594425419983,7.103424355257475
-62.87651658069461,6.0690975909324685,3.1186690743117627,-96.30716953275495,-2.9372728825636445,-1.8034787615260968,85.02588643550703,69.65478814111276,2.552967076818656,-37.85034121748689,37.41584243532428,4.959189208741286
-61.87150636728764,6.561044707169078,2.057678465742013,-97.2332844459577,-2.7101343240902565,-2.3251917170079426,68.56143936865286,67.57917062923711,8.838378352278752,-39.36147933766735,14.137579351029817,4.121261996529091
-61.082286487194,7.0536695818805795,1.1035928768274825,-98.19976737051375,-2.451379512868831,-2.5460234166296214,48.91350640858464,59.95976844533466,13.93998877290565,-40.749117194675044,-6.319447212911568,4.541656908891185
-60.54438297195865,7.501076802729991,0.3011755735801298,-99.18895390203735,-2.1565403948858632,-2.521185362192889,26.31777627736377,47.32835150658049,17.650530435241045,-41.591018701089844,-21.126837830165467,5.96008842646871
-60.2875006804173,7.865552775368237,-0.3214349353435981,-100.17578888970581,-1.8313021341601212,-2.3362829224762107,1.3767648860971888,31.57411866823595,19.97021168802511,-41.43332360018995,-28.48631861284061,7.9782381778387705
-60.33081762280766,8.125799007445957,-0.7656769867744089,-101.12981297625484,-1.491206917758004,-2.0926170418298073,-24.821426975357703,15.520662640219513,21.05682131810337,-39.90040766057395,-27.773215389780084,10.136413479456397
-60.67796752810581,8.281381020536893,-1.0681208326651213,-102.01858909421827,-1.159179944172955,-1.8915981636892836,-50.639449644701436,2.258156302297556,21.141351932995008,-36.80115349820068,-19.550179015199838,11.985810711216947
-61.31236147558034,8.352071910972748,-1.2965216659273988,-102.81234899608292,-0.8612810280840618,-1.8200173173995406,-73.94501180023862,-5.6056115554576165,20.451452767067337,-32.20094638201719,-5.440724958443392,13.154811388493954
-62.19392153815907,8.372264601046643,-1.5367277866680276,-103.48907507914016,-0.6215389372380634,-1.9381012094111083,-92.32446878659088,-6.598702419131731,19.17579533004596,-26.436018374402483,12.147960615917798,13.406662297651101
-63.258665712857244,8.382009840219684,-1.8732931706604177,-104.03882703916676,-0.4570613106554014,-2.272232072896017,-103.46301600773006,-0.7894643255519664,17.474565791951164,-20.065932199624747,30.438332532914536,12.680052590650456
-64.42255862470233,8.417110056818144,-2.3686620976191843,-104.46613423544306,-0.37464422678002013,-2.813638713451156,-105.65013539556534,10.165375708017942,15.511955256128223,-13.77692760926677,46.77443556264846,11.099378743946415
-65.59036573542735,8.500856769351287,-3.046753722806523,-104.7896811117142,-0.3697781638828625,-3.5232911989920903,-98.30323017521094,23.369583942851637,13.476298734303043,-8.252208141175284,59.0971731389055,8.9437880972317
-66.66888833839776,8.639498041204035,-3.886165743751528,-105.03907835675886,-0.4283722296461783,-4.341983539093487,-82.34383583112033,35.38944197048837,11.570642398669634,-4.022936134864012,66.30026530197982,6.575287324492569
-67.58222033546342,8.822564813233472,-4.825822472313162,-105.24905243949735,-0.5308621507661028,-5.2035142492928985,-60.2520181639192,43.1658240195873,9.987079919093414,-1.3179863627612436,68.38806728848105,4.3409115328440695
-68.28523593270204,9.027909827418952,-5.782040474176908,-105.45185537851751,-0.6577708498044477,-6.048178147495974,-35.694791064501075,44.883683157327184,8.889969419029145,0.061104550215625185,66.39019619649355,2.472647386113219
-68.77127403511152,9.229840467900836,-6.67181410416764,-105.66907961116428,-0.7953700914559152,-6.833619701214168,-12.771512505170929,40.475987638023526,8.409829194360276,0.8096571551120244,62.03628639139922,1.0117850176296828
-69.07146888859762,9.40748181297923,-7.43446816225233,-105.90431078351081,-0.9399435745325595,-7.540645686946704,4.902692068186933,31.515590134924594,8.623090314576885,2.1040521558764294,57.26423731959949,-0.2134562087894994
-69.24595556488391,9.550247360999508,-8.044298419711103,-106.13811683103816,-1.099342132139773,-8.172878757570457,14.949907429727025,20.521169561272824,9.509243227717963,5.473346416699578,53.69720437957902,-1.533859137302267
-69.36994678607346,9.658512812347043,-8.51060143140079,-106.32672846159673,-1.2910831886059566,-8.750854037872493,16.568388518278088,10.013446658535745,10.916660202506838,12.544780728968357,52.2432670285207,-3.310833587702132
-69.5191392396153,9.739853903051888,-8.866899391361663,-106.40536772380794,-1.5371453194054285,-9.30277700039926,10.409589356769972,1.7618966478254698,12.578258667808269,24.685085987917933,52.941264918682954,-5.77324305669557
-69.75851719622112,9.803283263933375,-9.155507083680845,-106.29644945282482,-1.8566619247827993,-9.855099908629914,-1.8733451152916174,-3.4897145145377246,14.18814446330253,42.60733022027178,55.103194073732745,-8.881694670863125
-70.13665247892368,9.854595604758332,-9.414751240439495,-105.92180761757963,-2.2585609328284884,-10.425892418498346,-18.174052973830925,-5.793947513702425,15.503327364946585,66.05123238831955,57.6905803973646,-12.275728776832375
-70.68496177776709,9.894850681666032,-9.673721496074522,-105.21689106475506,-2.7364199255511252,-11.022571626093793,-36.35060927468694,-5.468105989245979,16.402147321552746,93.6541672804312,59.75715899986121,-15.32984479689859
-71.41941832816103,9.921924334670448,-9.954722128522526,-104.14395799249763,-3.2672167338983584,-11.643406362418498,-54.4137432433262,-2.59357186525204,16.848076573169607,123.0914805581424,60.77000314806138,-17.304437842678414
-72.34206935789828,9.93331966179177,-10.278997802939024,-102.70113049409139,-3.814452451614692,-12.280365311916242,-70.59290527419623,3.094973029959085,16.790981878970754,151.47661616914328,60.68793664651538,-17.54223098880923
-73.44133544496788,9.928140988885076,-10.669424264176195,-100.92495491097226,-4.334792672438895,-12.920385051581881,-83.46972629254579,11.755866457465586,16.114234093565432,175.91831505987642,59.771646865443344,-15.64635285784156
-74.69202651124114,9.907258083102784,-11.146129425107047,-98.88564096356642,-4.78640217211144,-13.543381947076174,-92.20255489884667,22.714735805728832,14.697239454506033,194.08590644487163,58.20656143140322,-11.586411903881222
-76.05670607670653,9.872148427777256,-11.716218387635948,-96.67590625327043,-5.136809265447946,-14.117773775786993,-96.67768562381696,34.09242842956722,12.542312640917485,204.64081718619065,55.73166096132695,-5.70068280773048
-77.48916132250791,9.823593622664262,-12.363329935385291,-94.39583250330868,-5.368431857371663,-14.596557729504372,-97.44947643166086,43.1593314612758,9.851055608224373,207.4312326284904,51.50748431085405,1.4065247948770496
-78.93934700425748,9.761098870752507,-13.043517112133872,-92.137059201257,-5.480634633951734,-14.91761161391084,-95.4791146045164,47.234206844812974,6.989017514832646,203.40933054039175,44.326146637356544,9.030637016317183
-80.35847579863012,9.683178488949077,-13.690785458472954,-89.9698292220403,-5.4881029307407045,-15.0103254951983,-91.78447222889923,44.63887843826566,4.370217099140218,194.31127247165426,33.0680632048279,16.53236944695815
-81.70323866890817,9.588137667222854,-14.230974870166857,-87.93572054479154,-5.4161858167636945,-14.807861400427345,-87.14257003850318,35.27971594151717,2.3308104970791694,182.20929929165158,17.21065253352715,23.45608146067861
-82.9389036188668,9.474892084542178,-14.599186686519257,-86.0473971528441,-5.294522452452501,-14.261783059700416,-81.95275670542674,20.667613592913625,1.0438152728972103,169.06926980206532,-2.8114560861708116,29.582293513471836
-84.04153996097914,9.343561976250806,-14.754901426002055,-84.29477441075838,-5.150622502700557,-13.354519350530488,-76.28939290907223,3.4363397855776414,0.496294364207269,156.42289071262275,-25.542901892563386,34.911825325724706
-84.99955180022052,9.195821829321813,-14.690170128114959,-82.65522676008705,-5.005045977901632,-12.10551032307796,-70.08625537769976,-13.421104415551032,0.5273023243395575,145.21410161223304,-48.77459171757383,39.587370086576804
-85.81435048644586,9.035109571499955,-14.42893633795396,-81.10446023235171,-4.869359234958579,-10.568853692671942,-63.34575640054352,-27.32623572014927,0.9075122012686571,135.81594183355938,-70.03469106297766,43.771976445397
-86.49983977584014,8.866746483848685,-14.018589138965716,-79.62481530862594,-4.747168203303319,-8.823166487542386,-56.277696949167094,-36.66440359202956,1.4275582416853259,128.14020773290196,-87.11752305470209,47.522983591727964
-87.08060936809443,8.69786983299957,-13.517223874351654,-78.20907158853585,-4.637485160186224,-6.957056259245537,-49.327170162987215,-40.979885974623286,1.961452467243269,121.74060900927768,-98.48081990346382,50.70738417631655
-87.58909518098906,8.536986869216106,-12.98102383762511,-76.85978974170835,-4.53888071137177,-5.054984319117052,-43.108636449950964,-40.82075741843233,2.487219103016787,115.89190549576506,-103.409768498308,52.98976145138708
-88.06216730472286,8.3930223722756,-12.455452922915496,-75.58592505658184,-4.452679604973494,-3.187879597581979,-38.290965782026205,-37.350556884166586,3.066257847001804,109.69533394372233,-101.93627439643507,53.89701659571788
-88.53756739391447,8.27393246114232,-11.97199413169825,-74.39908560649971,-4.383973398447729,-1.410793288280047,-35.47201244934102,-31.897929963558227,3.7953646248122745,102.24166086385591,-94.58157705558547,52.935839939387805
-89.05044936153705,8.18519855848564,-11.549837762153947,-73.31129416646966,-4.340196658735063,0.23301915179785837,-35.06121659263486,-25.60027867063788,4.752085381574139,92.80450794905724,-82.05093095313953,49.72307886087371
-89.63014381253865,8.128689541868269,-11.200128014654414,-72.33497748967494,-4.328007072245035,1.7047816736233337,-37.17787192436555,-19.23157511352023,5.955620516553364,80.98119812315882,-65.034827389416,44.09337855417945
-90.29726201754033,8.102387924571905,-10.929759120025611,-71.48473749458927,-4.349823601285665,2.9640912920200115,-41.57752287134476,-13.221858228314435,7.357945072777682,66.72654234476498,-44.21148139785777,36.164086478954474
-91.06135235456755,8.101253081063449,-10.742454265454489,-70.77959054218684,-4.401403187921946,3.9679120170255224,-47.628995247453915,-7.805366379841546,8.8649477205871,50.30119889399237,-20.429901917567175,26.356302924326986
-91.919424317036,8.119079971654235,-10.636626737661558,-70.24395815009991,-4.471310692123158,4.676383679487532,-54.366096102027974,-3.1952392986307254,10.374002773618525,32.19014105038663,5.040802457703725,15.383963424220806
-92.85569801303066,8.150779806858244,-10.601506589709842,-69.90586397007175,-4.5423090784960225,5.064148888339098,-60.62255391872203,0.3117491563459164,11.809898222568732,13.043478248930876,30.349827906018344,4.221788189904458
-93.84290220054771,8.194282222027084,-10.614225407480903,-69.79157690243662,-4.593935227043405,5.133162779094313,-65.2308250384696,2.3498699938927814,13.145086881978767,-6.331897498059314,53.127849790516926,-5.951550475040565
-94.84529935558014,8.251356091837206,-10.640365330230198,-69.91723252073481,-4.605171744277437,4.921525723065395,-67.24101942608651,2.607935569225835,14.398001491608033,-24.939502678172822,70.84352803506516,-13.855163572246763
-95.82333255501455,8.327015112285299,-10.639037298237007,-70.27944545802993,-4.556344907088131,4.5034231963787885,-66.10995475311906,1.0078473920421969,15.611359156890703,-41.5668397565221,81.41062179318803,-18.276625957906425
-96.7393993820206,8.427657904127976,-10.571563393459998,-70.84807912618858,-4.430076450456572,3.9778334143072396,-61.82154261020454,-2.1422356396059437,16.81890275890179,-54.833423013400854,83.8767429721164,-18.31822091093639
-97.56384261474291,8.558540186787447,-10.411095398850954,-71.56459194014964,-4.2119359371320195,3.4476594539433005,-54.911522536025544,-6.11122138347919,18.01355659543255,-63.370558571613074,78.93149625565613,-13.685582944287097
-98.27990122447491,8.721486370333848,-10.149661135184942,-72.34831484124624,-3.89189365520272,2.9951309672455437,-46.37542692392113,-9.887640346938742,19.133146068078236,-66.1422347031604,68.96790081520417,-4.936270932535156
-98.88622108381507,8.913834727848139,-9.799613718770464,-73.11064064768853,-3.467375204213041,2.662070063579309,-37.45349860593801,-12.489461139483732,20.07922228948561,-62.83735085513003,57.54711076322941,6.427010015523658
-99.39574569169217,9.129378751901465,-9.388239201351114,-73.77406667884614,-2.947637900500788,2.443335750118351,-29.32006485781854,-13.341888395108484,20.7751102123008,-54.182276056405136,48.32619053394539,18.1242275650984
-99.83048931032634,9.36145879007896,-8.946766476577695,-74.29052312220094,-2.357799606494573,2.2977261974830068,-22.74579676563534,-12.57167642223109,21.248647446237364,-41.9935380137196,43.748769557377344,27.56350912570384
-100.21275592426329,9.60746966638631,-8.497280130673582,-74.65271755835238,-1.7399965234126633,2.1737870197589357,-17.827267351317126,-11.077969401831746,21.70104127920532,-28.85925796499991,43.9858895497186,32.51709835756952
-100.55452721594867,9.873208224928458,-8.042117911234678,-74.89405648151708,-1.1495485368428469,2.0409858112895467,-13.873265948098389,-10.316358021719918,22.515090932803965,-17.496639044149326,46.65310409494301,31.789099762525602
-100.8476204021073,10.175125552834086,-7.559680981838788,-75.07667802114288,-0.6457136103106607,1.9129417258418426,-9.499574267002494,-11.851717186922535,24.176269401848476,-10.004461285765426,47.63646487810395,25.605472283430025
-101.05747682742854,10.538942272788784,-7.0084011974681015,-75.27161836344413,-0.2788814979773545,1.8514331754950124,-2.925696826875222,-16.845766283457102,27.117230893982992,-7.308583892948043,42.876536786427295,15.551556024426537
-101.12292038335652,10.994150593910417,-6.337843840933488,-75.53798876037966,-0.0778193771929093,1.9477466548181868,7.589168417870357,-25.676734827116565,31.527207547464315,-9.019289277112106,30.35288467564059,4.082186059239432
-100.96299138452002,11.565287479746827,-5.503726575820856,-75.90787810737334,-0.041023455099675386,2.288152581774324,23.269783864830632,-37.8092930320743,37.18176711956513,-13.716725613951306,11.25882888713972,-6.190275311896913
-100.49028853323816,12.262058447022534,-4.482739451131813,-76.38083079490293,-0.13516728778899464,2.917691932028081,44.41926227221624,-51.90084156540951,43.347986552106,-19.49629343949631,-10.268953018020147,-13.165941604814487
-99.62852130168034,13.071065970924238,-3.283495959968782,-76.92796390547284,-0.3015190960296451,3.8172213094342746,70.1886439354873,-66.046890810628,48.80877012924613,-24.55424001663088,-28.74949853398515,-15.694737290233032
-98.33061136009854,13.951862590438644,-1.9512347487192265,-77.50300464402486,-0.4687962718010658,4.902545981496412,98.6025206711842,-78.07237666167751,52.02970850524557,-27.656505669797447,-39.495304302471496,-13.715823466710464
-96.59308002784475,14.839262128215774,-0.5653943645492205,-78.0564765148423,-0.5689740469465041,6.0447289976953975,126.87124499481135,-85.82109754874885,51.46165037488852,-28.402201367366395,-40.266946166600526,-8.126025708222889
-94.46287266448284,15.652399127172854,0.7695842026784163,-78.5493571999646,-0.5516200786208595,7.102262891153419,151.94391221157542,-87.42744841772779,45.927943213745365,-27.21428447338817,-31.768607327108846,-0.4424844840067812
-92.03424508501558,16.309182322400595,1.9390833972574022,-78.96297541935893,-0.3927195303726234,7.952685411766104,171.17514580061533,-81.56164157894868,34.98936019575043,-25.043943036376096,-16.970192862286602,7.658490574014351
-89.43568644546612,16.7429819106804,2.8369598263364857,-79.30272413997437,-0.09571402789973289,8.51408747191989,182.91974146396896,-67.62906971667647,19.14660136514207,-22.915775443730467,0.2588913261352799,14.808498440975171
-86.80956272756139,16.917255161898524,3.385131153182723,-79.59486633017215,0.3148272378079241,8.75316534810081,186.87168726943995,-45.877177072130934,-0.2165468732810087,-21.55046341119314,16.602479067189062,20.264220156075723
-84.28934943411154,16.83397984564464,3.5497492710415983,-79.87806459118764,0.8038537501380232,8.682311700663515,184.04388958041216,-17.359245717746067,-21.13474404715351,-21.23785381927301,30.31673760195888,23.949983487798924
-81.98004704813083,16.533409336642254,3.348890275271197,-80.19294800170267,1.336481085508228,8.351130749114239,176.4045284882846,16.23733272633258,-41.4930955681733,-21.925458491893544,41.48695113491486,26.23696593529031
-79.94624095130524,16.085238821408595,2.848143221703543,-80.5729511823907,1.885157476460923,7.836999946817619,166.2961919147774,52.826130615703526,-59.446633017914586,-23.347387985157855,51.54490218339201,27.62287876401781
-78.2097471521877,15.573763221148937,2.144477415331334,-81.03821881917905,2.4321656903332243,7.236165938416147,155.83045690657747,90.14793620108117,-73.71879270082434,-25.08444537533336,62.371711751381135,28.496002011747965
-76.75593343196793,15.08110951587166,1.343820905593537,-81.59288905613154,2.968455548239711,6.653926816222948,146.44899203271234,125.96993208205106,-83.73313449386936,-26.58532783654954,75.36354847601952,29.05390967456176
-75.54564099165306,14.672742716536836,0.5409195569659477,-82.225352818561,3.490712526874393,6.191729786059404,138.76417280189156,158.27020864604418,-89.588338603994,-27.226535650633128,90.75115389368283,29.338464530540715
-74.52872735325404,14.388337115293032,-0.1912892524164409,-82.91094253510718,3.998257524770457,5.930661561303527,132.6730545478487,185.41137354018684,-91.91557340089517,-26.442473128121513,107.38125106000264,29.315736067137312
-73.65570637725853,14.239321804254448,-0.8010127192748406,-83.61643737165114,4.490611999672708,5.9137096649471825,127.63739355985945,206.2990330447965,-91.66673976093156,-23.884240367958427,123.04375441906329,28.94543650694728
-72.88543930226757,14.21259335859152,-1.2499106792700738,-84.30561210346424,4.966001297825301,6.131951517947638,122.98546406578672,220.5118679907241,-89.88561395177469,-19.530976367020564,135.2339351027183,28.21876925874445
-72.18862248842956,14.278498996673974,-1.5054521311617934,-84.94491959800038,5.420853064688212,6.520920220018496,118.12495820996637,228.34844613838578,-87.50766560624433,-13.703301020552114,142.0451149110293,27.1713299451651
-71.5481642511924,14.400451741880303,-1.5388787887360627,-85.5084035500526,5.8502532607350854,6.971297892398674,112.6184204933224,230.70569148287677,-85.21661464687419,-6.9821509064746206,142.8260637021629,25.88261333474564
-70.9580409894748,14.54353129473408,-1.330138173260412,-85.9811032616303,6.249135325505931,7.35285219427381,106.13257330894496,228.76387205744322,-83.3686811375711,-0.07404457239319528,138.35838258679055,24.465234097134978
-70.42193281799335,14.680134569024823,-0.8768898634227229,-86.36048001870122,6.613737671009669,7.544712113566311,98.32471706612515,223.58245679581765,-81.98604717939679,6.330331811655552,130.5300134059441,23.042255097084023
-69.95222067808001,14.79195868333563,-0.2024223966452663,-86.6557110614511,6.942756233152748,7.462172434874197,88.75358726504419,215.77614777151288,-80.80895252052136,11.670874365733804,121.68083698008112,21.715862630693977
-69.56921580314908,14.868898136753213,0.6420884285994468,-86.88505911823209,7.237743272946889,7.071945013771188,76.868204318455,205.39544945650377,-79.38043136001374,15.590525522218723,113.89366015362218,20.537827552097653
-69.30009797536486,14.90635165705264,1.5826393093745894,-87.07192707125746,7.502608040509697,6.392858890372009,62.090800125203955,192.04945513312546,-77.13911863635167,17.962983365573354,108.48006407483767,19.493956295314735
-69.17701175072777,14.902699398893667,2.5330951882058796,-87.24053298679928,7.74241563295518,5.484348395408128,43.998946248393665,175.2408139751007,-73.51229180387642,18.87868717892562,105.79843372759959,18.510143258137767
-69.23395571683903,14.858330829581698,3.4081525350644304,-87.41219871671875,7.96191190315978,4.4281781940821245,22.583452331767617,154.83269550849195,-68.01113426352424,18.594742621695904,105.39748120887589,17.47819638243453
-69.50234623863042,14.776752096529663,4.13568881154915,-87.60295290967323,8.164254954365589,3.309284116571055,-1.4974219589763604,131.52576682266397,-60.32689805041453,17.46110047930457,106.36293654974115,16.290267552757246
-70.00540997044772,14.667235645657309,4.667005928191743,-87.82263479938212,8.35033244607644,2.2002857799290494,-26.775859597108717,107.17836570871002,-50.42033568828138,15.843466564016637,107.70003434513924,14.868531421868303
-70.75188656084818,14.547512269767825,4.984255236548411,-88.07519440071064,8.518859689753892,1.1521887545418297,-51.03207149663724,84.77950740802072,-38.59191482738424,14.064780659669967,108.61434838141004,13.183044393192077
-71.7299181121057,14.444513075512955,5.104019765294498,-88.35962549560506,8.667247588656664,0.19171014888948612,-71.57965520392098,67.93647855598066,-25.517124017493977,12.378759749362288,108.63028298532572,11.259953539530466
-72.90243533678844,14.391480960652741,5.075351680981886,-88.67101770492098,8.793033789577317,-0.6760320512075548,-85.73493085684733,59.910699127513894,-12.227675835174834,10.973158597980518,107.56651519373472,9.18623152765047
-74.20568979733847,14.421001550962309,4.970828662464621,-89.00150067228152,8.895502558893726,-1.4616998997579813,-91.36877396123002,62.47911699036398,-0.018950171628554634,9.98498846054962,105.4355243210799,7.1126971628579465
-75.55253374677339,14.555321443887099,4.871027214945907,-89.34118964099738,8.977006329014168,-2.185114412279839,-87.40610948842136,75.05943219471591,9.724636156596592,9.505324129641561,102.33826455393856,5.248361311134408
-76.84129091626104,14.796944393617759,4.845443251373993,-89.6794152313269,9.043489060047598,-2.8694927657860454,-74.14042359608322,94.49775629732211,15.770069341189934,9.563665174696164,98.39933347066419,3.8339107556853795
-77.96960844723291,15.123068047088614,4.9349542734907725,-90.00640937736598,9.1038404101122,-3.537158186705037,-53.27852817871709,115.6904587974338,17.296693489833164,10.104543764406785,93.76061433695715,3.0871459519594415
-78.85108392451404,15.486552767519978,5.1413981420021555,-90.31526600172185,9.16798565399603,-4.206377681268279,-27.70811003376363,132.91158407646415,14.112993905802336,10.984147056963732,88.6365295028592,3.1281943082111554
-79.43141201016327,15.824107908546926,5.42824274169142,-90.60359128139554,9.243984419847742,-4.888478474438045,-1.0450042187592026,141.4649615963427,6.766189499866194,12.010519000755062,83.42071698909422,3.907532173997102
-79.70054237709688,16.070021908541914,5.733052260180669,-90.87404597912163,9.334763112789844,-5.584551963354331,22.952083167948533,139.14433082460283,-3.497345664905012,13.031899067780973,78.80644719094147,5.163917752556856
-79.69773867651394,16.171883456385487,5.988987827665206,-91.13309755340323,9.43532378662446,-6.2818334452841444,40.99831480437746,126.99293590935301,-14.928027123916218,14.057617059930843,75.85099148733882,6.431182392709424
-79.50742787403237,16.10391987113018,6.15009653414551,-91.38769181890773,9.531284382431329,-6.950854020034866,50.825284101352466,109.02898130429477,-25.587582017646852,15.381595431954944,75.91194280329306,7.100593922648059
-79.2454990234609,15.874038832278341,6.213527262033353,-91.64008630101497,9.599402395762775,-7.545118539245474,51.550830701420296,90.93757749213644,-33.71035722390943,17.66633326622739,80.42479459245837,6.532409783908321
-79.0382454492339,15.522301391292364,6.230877343910443,-91.88168707523552,9.610352171158889,-8.004968753351603,43.77728951971633,78.14835475332545,-38.0352427333808,21.937502155410364,90.55201229703823,4.193910764923275
-78.99881308626595,15.111003254277483,6.301818185083783,-92.08735801265644,9.533538212153774,-8.266357294824767,29.3446848243595,74.05012430707079,-38.039140229681706,29.449762740869186,106.79817998121175,-0.20880080753805305
-79.20750174699377,14.709121181467685,6.547611975175837,-92.21215231056438,9.34323142509974,-8.273610855312498,10.788615598389969,79.05104378129117,-34.01211477560944,41.41800130720562,128.72639436381007,-6.633557103143393
-79.7012941205774,14.375675333658139,7.069843465804955,-92.1924135724218,9.024899486737034,-7.993317105870776,-9.297273826557891,90.72841638406412,-26.94537281995347,58.657741664894345,154.88180644938353,-14.658708574399892
-80.47458502999436,14.14681067087438,7.907536394615833,-91.95243283173185,8.580334202557637,-7.425210789726371,-28.74942487078629,104.85414692880485,-18.258157421065096,81.22404543558628,182.94255433655144,-23.50645754946015
-81.48896048862642,14.029989263663563,9.009354133652073,-91.41638100869874,8.030141340483816,-6.606495651791221,-46.027093634555605,116.92698623820097,-9.44157652713458,108.15819760159684,210.03358950049792,-32.13893222518281
-82.68719042436999,14.006172418498794,10.233769587687902,-90.52348059520395,7.412455721345166,-5.608364208937132,-60.13096426107785,123.75376869574548,-1.7311238155745652,137.44263355604443,233.09223405029138,-39.42137420401349
-84.00639414095909,14.038232293122945,11.379651514163001,-89.24293659911156,6.7774366655414,-4.525903799910366,-70.40874071714136,124.44282960959201,4.0796979192332845,166.2273105779239,249.19451798886263,-44.32992500829375
-85.38718140887869,14.082130745591563,12.23745260171794,-87.58456205401967,6.178126816784689,-3.4635683890922513,-76.45085667771006,120.29866678146603,7.645972282990653,191.32075300638616,255.83472272167404,-46.1640931147318
-86.7781855329723,14.097287680631334,12.643359334674965,-85.60162597163699,5.659408729214397,-2.518178356614292,-78.16031468460602,113.73988266700496,8.969114973405409,209.85067573833166,251.2179067663229,-44.71401532302726
-88.13741842627012,14.053805891989533,12.518957004342624,-83.38424614585061,5.247726600281837,-1.7613937129023929,-75.8981676016883,106.95477421791028,8.29126817778685,219.92215318940413,234.60334410435706,-40.33456681272709
-89.43247888535846,13.935901307959195,11.885958489415822,-81.04434235383611,4.94456257429327,-1.2247582898117453,-70.54198005662721,101.00058580506555,6.034520266756834,221.06110285302748,206.64830295162787,-33.894308658688544
-90.6409327237834,13.742117462489727,10.855008323602823,-78.69597222784098,4.726054356525508,-0.8921458614871871,-63.36869923752876,95.60899071329712,2.7632144595205412,214.2694900274756,169.61880369174511,-26.595869023483584
-91.75095039342406,13.483360480778297,9.595301102276364,-76.43652198652084,4.549542592265079,-0.7044760356728306,-55.78459061978329,89.59128990103406,-0.8690971331769347,201.66322029847214,127.31609446457932,-19.703262684972326
-92.76143608260097,13.179682872913265,8.29553647347726,-74.33369131806556,4.365588534871841,-0.577824933921248,-49.00369712867059,81.58418026997632,-4.199642269990339,185.84756660748297,84.62291949587006,-14.252698745787507
-93.68087824170614,12.856451617955788,7.126504307045286,-72.42073955424523,4.131921402857791,-0.42969109104076697,-43.79804567053628,70.81452981692395,-6.648637865576168,169.27829178281266,46.685801941187506,-10.840975330951323
-94.52479876097303,12.540317039313269,6.212751594598311,-70.69949897004729,3.824853862721112,-0.20357709904581478,-40.406613139123394,57.58241510494482,-7.8030867281037954,153.8029037044609,17.888506335967012,-9.560676280857829
-95.31239342328251,12.255307091076931,5.617098831132044,-69.14864745090141,3.4445244071675356,0.11727126218731954,-38.61876963974287,43.30142408478474,-7.478486030081841,140.44428029371008,0.9040700861881398,-10.094456102761791
-96.06328991497898,12.019363187495658,5.338466314579563,-67.73416744195714,3.012621023335171,0.5107229800478956,-37.976930905214004,30.12187062250475,-5.74954549575092,129.405297036608,-3.842283148868218,-11.920153025233914
-96.79521503664483,11.841686853113295,5.321018321388131,-66.41945271017872,2.5639799683482205,0.9284643401321304,-38.00203275621193,20.30608781454788,-2.938409514324844,120.25068062486514,1.9154896584455596,-14.5400662836846
-97.52291924376112,11.721345527670127,5.471093713612298,-65.17350631240721,2.135410333790096,1.3137848541266521,-38.351026550017124,15.59292784508616,0.4504659422439463,112.18302396807921,14.955054051530023,-17.64301124406587
-98.25818885593553,11.647569826776559,5.677725112027165,-63.97656563527833,1.755558623006043,1.6175735598910412,-38.863469378377005,16.762287171510067,3.8441755626471625,104.3163705906079,31.523386095106037,-21.139251933861125
-99.01039785134431,11.601937604104759,5.8327179574861905,-62.823050668761454,1.4387243707652901,1.8083584553462728,-39.51474182199921,23.500168960891827,6.7358131134275165,95.88165600839606,48.22635181758792,-25.066523523421957
-99.78695715175567,11.562194969193232,5.847130856641355,-61.722008021525994,1.1839345033518687,1.8755453367125225,-40.32909020350168,34.538357025589974,8.798535989835665,86.32837028143143,62.61972591576633,-29.42217387375398
-100.59322631726174,11.506980432164935,5.662266524642014,-60.69540715022377,0.9789601326558444,1.827292000414726,-41.302699057189606,47.96737583892871,9.945317691503167,75.31775902422656,73.43356665270535,-34.000304028120134
-101.4318089893834,11.420411672836872,5.254589674132907,-59.774833117768466,0.8077270840504358,1.6852351267536458,-42.36182095145741,61.61042335861087,10.321565572511052,62.65463367293228,80.48381048467108,-38.29998546502516
-102.30144754853981,11.295499487779981,4.635062362309084,-58.99719269915022,0.658878899221893,1.4780162696626622,-43.3570487965913,73.37456968553546,10.240744549031742,48.23488323643418,84.38894331814355,-41.53871943153615
-103.19587316088999,11.13565669292706,3.8440674731514672,-58.399876174270865,0.5330821794699329,1.234988785536887,-44.08226039139369,81.53633034269038,10.088311942876915,32.06425023439384,86.21276871723612,-42.772557239578234
-104.10301058541648,10.954039657592924,2.943325690573115,-58.01554549864143,0.44693985456462565,0.981167465795715,-44.30566512366509,84.9513878501541,10.222814325948764,14.35099085786084,87.11386214120441,-41.09876737052616
-105.00495893375634,10.770943083014306,2.006104256270689,-57.86669019780729,0.4320338258525646,0.7344077062752992,-43.807118995080394,83.18796213984847,10.897077443875634,-4.3763649201494665,88.03220062642097,-35.89793998353325
-105.87915897987403,10.609861751296064,1.1068060489430014,-57.960438778069296,0.5286293565044892,0.5055751572752332,-42.42189258728716,76.57195334988762,12.212733423823273,-23.19952538641449,89.42381917057841,-27.06038239197394
-106.70100708054464,10.49308498692734,0.31094587031354415,-58.28460702769746,0.7748954334163716,0.30177717109420277,-40.08805940960819,66.12224127207064,14.112357462343335,-40.850921449040854,91.07518532519892,-15.138561727647062
-107.44776540382055,10.437769905960343,-0.33335911969370713,-58.80622982613416,1.1939384612501471,0.13167710067468263,-36.88380457864861,53.36743034434126,16.406112689910653,-55.87896734118791,92.06490873785818,-1.374175108174573
-108.10297428613625,10.453329507635045,-0.8010844887830544,-59.47360534343053,1.7821018828131459,0.010957133621531057,-33.03190171385974,40.066627880556595,18.823906447328802,-66.89322848649002,90.94393111312718,12.434162100482464
-108.65997789127627,10.54067772330184,-1.0919715091554067,-60.22216220824045,2.502330277472497,-0.03436304273452406,-28.85103168904117,27.887049588407898,21.081134519816775,-72.81188942680932,86.14234958317226,24.22816806533546
-109.1230301393387,10.693443223517962,-1.2275785065195404,-60.98344391222988,3.2855541343736703,0.03147249056309187,-24.650223083077357,18.104187135482015,22.945591391064543,-73.0526475895255,76.50573833393543,32.1167114957233
-109.50495915945413,10.900792658047694,-1.2441427503607656,-61.695529256704425,4.041038472184907,0.24897796918714032,-20.587079019298965,11.383757625308622,24.29308000635164,-67.6639307906865,61.77263424131674,34.84475247781323
-109.82140541194786,11.151109483278253,-1.1827677331212048,-62.31264032708214,4.674001367425203,0.6552243793159316,-16.532050532396518,7.689026647440966,25.138902189640827,-57.42854869866968,42.78861146461103,32.17224939988294
-110.08285966407321,11.435542853889986,-1.079227787224868,-62.811785586033814,5.106497453157793,1.274603111475924,-11.990987399385329,6.337207287307228,25.632764933145733,-43.92340520993419,21.373439458946283,25.029521763058135
-110.28668251098271,11.750405161136495,-0.9559370272860646,-63.195028937996184,5.296431963063614,2.1106358736095987,-6.131762361975902,6.199984645511419,26.009080951871738,-29.426077346135646,-0.030606823727532095,15.373392407174624
-110.41161205504753,12.09756694261306,-0.8182483206127094,-63.48705383167727,5.24980882326684,3.1402005071585606,2.063978439633053,6.007380111341273,26.494846565715402,-16.571081790409668,-18.72042774631345,5.752696584132786
-110.41680400465543,12.482391380711125,-0.6562423163846924,-63.72872430607578,5.022511641612833,4.3114888991374904,13.542922044826431,4.6859723892354985,27.191183992316724,-7.805944422221624,-32.07469867036413,-1.3344620642326896
-110.24633548697402,12.909364626222912,-0.4517234917931292,-63.96813316424638,4.70984006207176,5.547832535061126,28.876705730209103,1.6515588110745667,27.958987493868914,-4.809677088749468,-38.050620415936336,-4.1374373471713755
-109.83868628829184,13.376320497644798,-0.1886005261985595,-64.25109360327933,4.4249456609069675,6.759506031444792,47.998522771733974,-3.0178165756315165,28.348940389392812,-8.040445555397199,-35.89499869335369,-2.177235349672037
-109.13938751575266,13.868820039080868,0.13636339383932938,-64.61303741175021,4.271109311496125,7.862911339138888,70.06354296763604,-8.574721733695338,27.614856408960826,-16.571117639812144,-26.760252544538712,3.6317190637558356
-108.11411837033542,14.35657198382746,0.5058258052832114,-65.07377901922894,4.315993787513999,8.801902391396293,93.4905729777859,-13.755981867359514,24.832844934948184,-28.3188482877353,-13.723975703398548,11.3497444681636
-106.75921946110229,14.793575809511287,0.8798801886397589,-65.63585787331796,4.576381539506169,9.562811809710311,116.19758331290669,-17.038629123991814,19.119660784626966,-40.61415569551811,-0.9551250827441375,18.72517645336915
-105.10692870923563,15.122878972591618,1.200999996281828,-66.28650551290511,5.018505205076449,10.175934422560253,135.99361672482004,-16.918860455560115,9.90768002641823,-50.924329160140246,7.728426985444746,23.9445045302026
-103.22360281300749,15.285584115589106,1.4053112123041558,-67.00267434807559,5.57331469770948,10.701602990551937,151.04176565841937,-12.161005908078028,-2.802399986485866,-57.51414126225227,10.289700941976509,26.126949260821853
-101.20067168683983,15.232326366845333,1.438000272715461,-67.75785762601048,6.160709247223598,11.205581730610689,160.26788004980648,-2.0014666882105803,-18.310605448979224,-59.82957416607203,7.241089450771943,25.434801834389315
-99.13986292976641,14.934321798533905,1.2693511163124596,-68.52882934086622,6.714170510979189,11.732939912154404,163.584420267808,13.702364665122355,-35.28639662134284,-58.47060361961604,1.409078829148315,22.844779768462864
-97.13588594991832,14.390771387068336,0.906954048138982,-69.30042150439166,7.19802218008753,12.289987302639316,161.85051150896084,34.40962949280173,-52.04221855574624,-54.78894518235353,-3.1915104369497582,19.719189087062624
-95.26070392256388,13.630233813522509,0.3996214797252575,-70.06724987455657,7.61291100209561,12.840367722914586,156.58482648015135,58.96067053577832,-66.92708421842539,-50.31177519512439,-2.876296201115544,17.338157512547745
-93.55328991956834,12.705427368983798,-0.1696700580247672,-70.83254430098106,7.98949825437156,13.315725946528921,149.5412515212861,85.76906005928129,-78.70294785863307,-46.2448636608416,4.442466988947876,16.53599103979039
-92.01725164513886,11.683049036776806,-0.7008076946190629,-71.60524106246791,8.374123838201967,13.636010705680729,142.2955682579468,113.07455120347963,-86.77975741860129,-43.21968937579333,18.70993085037849,17.535203413679106
-90.62632407746044,10.631634308461285,-1.098334163877348,-72.39675234985596,8.812149168239385,13.731637508527236,135.96359392807787,139.16985969331807,-91.24786587951232,-41.30919580776365,37.994145340571336,19.997440213890076
-89.33540702275972,9.610680021068525,-1.2905101928297364,-73.21840684507485,9.334402536358079,13.56020482934867,131.10055791078983,162.55028303655348,-92.7247803230159,-40.226961381554275,59.32045878476678,23.234008902590993
-88.09356332046531,8.663373518312882,-1.239626112683672,-74.0799144944999,9.950115936916802,13.113473581556025,127.75474320952621,181.97580475816844,-92.09294112699915,-39.57508735995533,79.67741066128546,26.47279982220657
-86.85557174481512,7.81388261945898,-0.942228642098698,-74.9887261994436,10.647006280764213,12.41426423572597,125.6033104990873,196.46783228559076,-90.22455455023669,-39.026215708090604,96.82357129918441,29.080838291538715
-85.58985885238326,7.06883124542328,-0.42282575980276194,-75.94992375562877,11.396839008625781,11.506202733520867,124.09697835447282,205.29777254693013,-87.77405263525209,-38.389890099765964,109.67481737953283,30.68263394347033
-84.28219761333372,6.421680187597654,0.27335025090848475,-76.96623931300867,12.163631129250069,10.44086839810375,122.56748279008328,208.0281207456656,-85.08298176858003,-37.58165518304278,118.24669411215034,31.168440033900303
-82.93584680518269,5.858377556353984,1.0846056130143846,-78.0379231557441,12.911696991322971,9.266689170468993,120.2859860997676,204.61889869029807,-82.19943259358845,-36.55544741468621,123.2859788722762,30.628698409206873
-81.56947201380534,5.362778883033947,1.9339906032145877,-79.16238969472718,13.61162221310559,8.022391945213569,116.4912901219695,195.54950007999622,-78.97664214319205,-35.25973198582152,125.79301954679958,29.265326449209972
-80.21416930052553,4.920796531328525,2.7309582144681244,-80.33376717172555,14.243403672765115,6.735767963134076,110.42385112665147,181.85920616803043,-75.19362649173841,-33.641792216920166,126.61459875663618,27.317750211169624
-78.91040051054487,4.522811802139712,3.3781623177474964,-81.54257059698301,14.796955367380665,5.426704182084921,101.3929430013034,165.0245001633812,-70.64692401241068,-31.68354646232378,126.21705769226219,25.01712951330671
-77.70502421541188,4.164379784814801,3.785670753581829,-82.77570401600684,15.27073081230009,4.112311854349313,88.8844166643513,146.68531445014457,-65.19339460879547,-29.434245046984707,124.66985089198704,22.56373623397469
-76.64819296265729,3.8455738295252018,3.889734179874332,-84.01692589348329,15.669355846434465,2.8117041593157177,72.69315981951543,128.31986495053337,-58.755607581497884,-27.014187923583858,121.80109167032424,20.11722916189567
-75.78973253868656,3.5694512605200273,3.668736457199885,-85.24781867583792,16.001030953242836,1.5484736386517364,53.04826056429848,110.99614831799893,-51.32194217694971,-24.585396639044998,117.43481772771983,17.792382723442657
-75.17461085727753,3.3401259533076493,3.1487816323642943,-86.44920312021252,16.27521140660025,0.34994925014915523,30.69655806286924,95.30416209517006,-42.96957537098798,-22.30370024135985,111.59782494460535,15.656829549160662
-74.83727393179335,3.160866187925317,2.396010170366229,-87.60284264901821,16.50083774419513,-0.7565273692494543,6.912627650643168,81.49838544167545,-33.9101914224335,-20.27239337011995,104.61092972603964,13.730692829614252
-74.79512742099082,3.0325267126264195,1.4988232403443398,-88.69320515464281,16.685229773869086,-1.7491489104435214,-16.58619328737665,69.76897158904202,-24.535046704652693,-18.511704731945066,97.04495407516052,11.99063583773422
-75.0422502007419,2.9524622966219156,0.5470223872620393,-89.7089834509228,16.83366182878464,-2.6173224900333487,-37.82652617225108,60.47801334076208,-15.433156860627552,-16.949860259705368,89.58217274640079,10.381888425883158
-75.54521191002864,2.9138817007212836,-0.3848460459273827,-90.64404217182883,16.94955803702189,-3.3656218582704405,-54.85828453092215,54.207494424296044,-7.363294961234985,-15.437742350268834,82.84982267954908,8.840336288937127
-76.24312393828482,2.905512358601965,-1.2452429885442542,-91.49756001648741,17.035154127344764,-4.014405129501954,-66.09036480556557,51.57180754015508,-1.1661297773443897,-13.788643903601592,77.28783630445147,7.3225433902335055
-77.05335713904003,2.9115858882155696,-2.003925797052002,-92.27343390761669,17.092370704198736,-4.596296478269725,-70.61033516048909,52.885345537514375,2.3865887458375594,-11.841007526241953,73.09222424326921,5.835044430690577
-77.88271922014385,2.912453146226533,-2.644308480008335,-92.97934166633858,17.12355544382296,-5.148957353461999,-68.39634967045593,57.862873144346146,2.782580619997204,-9.531110239257899,70.24747740530636,4.448335711102661
-78.64194082266388,2.8863008226584936,-3.1557236138046605,-93.62593189788288,17.13171766945816,-5.70580239300217,-60.34607194082521,65.52822926055903,-0.05590732397423741,-6.9468169516313765,68.63624361113888,3.280986381170629
-79.259999563373,2.8122152559569664,-3.530673867813246,-94.22631918196574,17.119954043361307,-6.2871424975521,-48.0974284992204,74.4139730322087,-5.678891114229399,-4.324503187093769,68.19687075289555,2.448500400639831
-79.69469210559836,2.6742774397112767,-3.7685914425041176,-94.7955820544473,17.08998783125165,-6.894429889543211,-33.67853719546269,82.99289472287967,-13.140082468444046,-1.9619418862028808,69.07703596136741,1.9874533776747394
-79.93692171890454,2.465781628165482,-3.8831611015156735,-95.34956554071302,17.040090248816043,-7.509735989951533,-19.08009743444249,90.16604865689467,-21.152007805703462,-0.05240687395040018,71.70793328425742,1.781358144049399
-80.00799684153141,2.1923267422721286,-3.9076427031080883,-95.90220398852269,16.96301784294493,-8.101368558653775,-5.88314820302901,95.57559311393777,-28.32658510272443,1.5149786799804041,76.72932405033683,1.52380748052461
-79.95125345435184,1.872551625940612,-3.8936414170686486,-96.46094541374094,16.84484041018088,-8.634898934722607,4.926234522351497,99.52944316544306,-33.44182539819999,3.3160243722116896,84.74902174851995,0.7504924852091032
-79.82085176263688,1.5357130641309669,-3.9026205389350306,-97.02069441867329,16.665518547667844,-9.087224062436583,12.900295831941705,102.49230763556068,-35.66881006452995,6.435948993463929,96.00414061607572,-1.0490541225273233
-79.67111188357882,1.2161460092640548,-3.9930710588751706,-97.55778398876964,16.40175493430379,-9.459973450101327,17.897512861121722,104.40965715443217,-34.70646492652968,12.343071143155896,110.06024535337,-4.262957425676381
-79.54911319446232,0.9457295711674342,-4.2072989247102495,-98.02634688931506,16.03203038004452,-9.787800076890797,19.819761169198262,104.34770282212885,-30.804149405636736,22.585248813807844,125.69471128268489,-8.983864199286867
-79.49181738139478,0.7463717841751035,-4.560953021109626,-98.35950744183182,15.54298440784655,-10.13723203438176,18.453476487115847,100.77513804675853,-24.681775739417652,38.36090982971439,141.0447373458782,-14.89076416054113
-79.52721993335007,0.624737755720587,-5.037799702665854,-98.47675552695272,14.935610046724987,-10.593653336315409,13.48567188865122,92.35184731217979,-17.36865135870006,60.06872773719563,153.97836539670578,-21.233261845722645
-79.677492267091,0.5708241015038803,-5.592179048424547,-98.2969256039773,14.229342285700106,-11.238195401377407,4.708132641534996,78.74365854155312,-9.990757142493411,86.97277230291279,162.5427856018266,-26.942128731878086
-79.96126568873298,0.5607890005870781,-6.16036745586584,-97.75407089368241,13.462275885762283,-12.121347720585138,-7.632246139735058,61.047898607848126,-3.5529465507169355,117.11938260809283,165.3292738383098,-30.855084056293133
-80.39273586828769,0.5631333907871401,-6.678804111130381,-96.81204904895492,12.68658493570786,-13.24244892124263,-22.49242614776414,41.71745784759529,1.2222676663031833,147.5905082278959,161.66098075923878,-32.003502584694
-80.97737460399442,0.5463362752993363,-7.103352006040895,-95.4735072722614,11.959597750303434,-14.541862991903768,-37.98330220742903,24.04713149428905,3.9549121036415684,175.0710063046629,151.59017948636725,-29.87145972888872
-81.70679297320568,0.4857256574646322,-7.422014327153766,-93.78039101416535,11.332467878866563,-15.907466448822163,-51.81388994706683,11.283253440737665,4.581779615524079,196.58401113365386,135.74117438250698,-24.539187644403565
-82.55672786359146,0.3678427273207734,-7.655249699823093,-91.80567367519762,10.839399537485578,-17.19267263819038,-62.08419114008019,5.5059969595933325,3.3026961323140314,210.17445807447248,115.080889626961,-16.664345688854798
-83.49083320341592,0.1915930985962803,-7.842802131246026,-89.63876146059683,10.490492343149118,-18.241317875277407,-67.98317334954785,6.693706776981465,0.539242820735004,215.33181400737413,90.74467972781818,-7.310658182911135
-84.46962469283746,-0.03343447590726052,-8.021755843263604,-87.3689150140128,10.27036246319117,-18.914595283248815,-69.99869568486358,12.471616299642625,-3.1043527691352337,213.02488293658485,64.00637289931757,2.316009430088658
-85.46082213740875,-0.29042156268090774,-8.204633735172798,-85.07136363852136,10.143042424725907,-19.115490583440923,-69.56237855450412,18.762250217677227,-6.911762113567275,205.34230719348596,36.351319958504725,11.136159341263683
-86.4464772720666,-0.559364946685848,-8.366833880298701,-82.79950363828254,10.061786851635148,-18.80636790571169,-68.35891907655287,21.13662992923819,-10.166868943993569,194.85843645072868,9.522847647275965,18.393181101143885
-87.42402461150127,-0.8208225767891572,-8.449276595069925,-80.58421451294564,9.980915969890427,-18.015914860973304,-67.65772331512241,16.37549519201368,-12.287695493504964,183.92774650310957,-14.58237245309588,23.741700144945227
-88.4014224934761,-1.0588790986138947,-8.376171186942052,-78.43884358009481,9.866179167097076,-16.833154819440818,-67.94680668938557,3.649266149590487,-12.946178587166344,174.12060882759238,-34.23473723863159,27.23043988918632
-89.38902655333958,-1.263129482741045,-8.08170960962391,-76.36678476575938,9.700526529399069,-15.388801714380268,-68.94806170022332,-15.14770878007224,-12.133627216294533,165.9605248526598,-48.3541921486413,29.198560463605038
-90.39170952050158,-1.4295664609021628,-7.535811650765373,-74.3683994396181,9.483592112528344,-13.827490160072774,-69.91142755608612,-36.03024932133826,-10.143873641110577,159.0267720940264,-56.94152737440745,30.11121321081934
-91.40409493528716,-1.5602750560183976,-6.759352266315825,-72.44522266677363,9.225314770157247,-12.277453106420298,-70.00844293872358,-54.25008464109451,-7.47646642014679,152.3618162208591,-61.1904986299994,30.377310189617752
-92.41027962230406,-1.6619543287530236,-5.8233880619515075,-70.60124268692596,8.93630301221794,-10.825689048810736,-68.66387957611022,-65.7950990637507,-4.693445962364117,144.9907936308186,-63.162522105870934,30.21052827273909
-93.38773453543622,-1.7435486880908095,-4.83294325007841,-68.8424515035567,8.618885872475287,-9.505454344236895,-65.72952564776833,-68.52071834082207,-2.275427961787673,136.30560746534357,-65.13398660776156,29.58479681022709
-94.31368102407113,-1.813559302676476,-3.9014037508366393,-67.17609516260426,8.262603253504064,-8.29918109048922,-61.481107365535955,-62.5693275588882,-0.5146675630040933,126.18463782352974,-68.84179440065151,28.296152234689806
-95.17155373045074,-1.877754862246967,-3.124360854170245,-65.6103849252,7.846223371549881,-7.155219790935897,-56.4833357658379,-50.03551680505349,0.53097112165057,114.88097343283297,-74.85455440233116,26.09978764880475
-95.95542475996788,-1.937928829086004,-2.5609470420015725,-64.15480157454594,7.3459447328257355,-6.013000593981012,-51.40278298994783,-34.10899623884448,1.012253288948325,102.79541045076982,-82.26465607702174,22.862462467554316
-96.67128215842705,-1.9920652905003764,-2.2270731534139543,-62.820970575724765,6.747131732262279,-4.829299336169051,-46.84751266148642,-18.069566549863698,1.1992452934671152,90.25286511512624,-88.82457599964778,18.667719141481165
-97.33525268811546,-2.0358313167189452,-2.1004079226248553,-61.62406500809954,6.055467884291059,-3.5983797820115733,-43.27805645719978,-4.483145846422377,1.361380064627085,77.34760832462351,-91.53710443752865,13.829605109753498
-97.9697009551662,-2.0648258896081306,-2.1333251180975754,-60.584459048003936,5.303263914403673,-2.360596399988113,-40.98552631353969,5.201669943193529,1.6648974183345537,63.891445931156206,-87.56060638755255,8.80804098760294
-98.5984395093329,-2.076675379368667,-2.268418514281205,-59.72897346996817,4.547947546894654,-1.1971323968125223,-40.10074975619784,10.638862164852585,2.127713240600255,49.47966481938852,-75.16207011123402,4.061473412143806
-99.24217419430813,-2.0720631514843824,-2.4516276373634955,-59.09075710168935,3.8621252336685896,-0.21215705090739156,-40.600762235604726,12.270003456366373,2.6445186096720006,33.65443349566469,-54.42607003367228,-0.10285908476644665
-99.9150226094843,-2.054179521688716,-2.6399303913060024,-58.7068256487263,3.3172955899538046,0.49312693193981794,-42.3043093123871,10.887410341935038,3.064010903820041,16.11958817431963,-27.513194455982045,-3.620718879021066
-100.622637669944,-2.0267447216553074,-2.8030336665252573,-58.61266759050052,2.965474141651629,0.8480592184714766,-44.87100303865224,7.248612969526221,3.280502564151635,-3.0469006877820113,1.6104599195206653,-6.666377553803744
-101.36214513377519,-1.9914054457436248,-2.9206266182853806,-58.83414700321381,2.8240016350235786,0.8347203954482332,-47.8239497392187,1.8637720547258199,3.3003176497525573,-23.231889220855614,27.92881811803046,-9.549085930904042
-102.1237224147309,-1.9456356505890193,-2.9779049911492788,-59.378014748162464,2.8683014299906056,0.4987562416009901,-50.60484889293939,-5.003301108722978,3.2568977773044785,-43.219866947647596,46.47064338889767,-12.546497028806856
-102.89328962817801,-1.8821227566403747,-2.9620079525655374,-60.22333620245113,3.0353462151240707,-0.0547667261205369,-52.65600554884283,-13.168402601780127,3.3697627586862127,-61.260012798425166,53.51587746090904,-15.7387832859793
-103.65562461336216,-1.7900411692576348,-2.8609655440017256,-61.316654324134966,3.237557581648046,-0.6805456171541824,-53.51538227504666,-22.30825480611356,3.8634783675557314,-75.3044853389263,47.6243289248389,-18.91126222782689
-104.39729403973901,-1.6578412413935426,-2.6652724997657886,-62.57342045606172,3.3836883023494164,-1.2233619023950144,-52.908787249146336,-31.8207464844482,4.87781759933566,-83.42415513305961,30.186169531920246,-21.57226411615256
-105.10896159581662,-1.4765291587740128,-2.370888520145228,-63.88699551677177,3.4009868906621294,-1.5523032478847814,-50.81972546373079,-40.854691755484076,6.405914032636309,-84.33253225197431,5.273385412257585,-23.09283173820529
-105.78672790792767,-1.2421484973379955,-1.981783646921567,-65.14444069372453,3.2524152769499417,-1.5900725355291794,-47.510018382079224,-48.51754740120173,8.2897496673679,-77.85861258093024,-21.24861687328822,-22.927057830838454
-106.43216224367987,-0.9564154533559939,-1.5102989351325267,-66.24587222761149,2.9440953012177333,-1.329355292093438,-43.46352192334759,-54.182486697521554,10.279797750225244,-65.16900886186767,-43.15602347083244,-20.8330422608015
-107.0507303098702,-0.6251298723465065,-0.9744775103822798,-67.12230742539744,2.5210615188118086,-0.8312971115945365,-39.24329136012961,-57.76375235103795,12.134906741374063,-48.601422105037486,-55.468904395336516,-17.006192509330155
-107.6485460737705,-0.25483714739710295,-0.3928051091638718,-67.74673903819688,2.0528921021871267,-0.20590741437294824,-35.28696412383711,-59.82963858500648,13.71639800415718,-31.125326046197586,-55.7793234748011,-12.065945379644239
-108.22779241627211,0.15105531163192268,0.22198497198156364,-68.13509411599944,1.6138078183957796,0.42040168152505597,-31.69730122057415,-61.473094038682646,15.03146542543474,-15.611174232842277,-44.90497248966817,-6.891331993639966
-108.78162066059234,0.5951438877400345,0.8677267398378081,-68.33711674905963,1.2634144156092908,0.9405173793457742,-28.098912780007538,-63.952241266679934,16.204525684878487,-4.177056496029818,-26.612070384126838,-2.363331438637518
-109.28967732405498,1.0864626523718954,1.5541904253640313,-68.42057764444182,1.033835144270207,1.2944518245061696,-23.623240344973215,-68.22034276775187,17.387160984190814,2.1698701103807645,-6.442085133522502,0.8892502268766137
-109.7155417524517,1.6377652989505727,2.3001326820188694,-68.45410438990619,0.9266282155327991,1.480806035383429,-17.05211329147273,-74.53855086502739,18.641623425850945,3.5393908313855222,9.979398843848895,2.6571646876764285
-110.00725750956231,2.2600345825281942,3.1268445546204013,-68.49373204661633,0.9194525654068106,1.5493725528383688,-7.103709109060496,-82.35140558127662,19.841455239987386,0.8909701380565419,18.58410899766988,3.195003924784889
-110.10170205371278,2.9557125645848785,4.050377847070372,-68.57638925430022,0.9791662930655696,1.5791187541525087,7.2031800575526574,-90.48504813239204,20.62813071891055,-4.38447760057306,17.914248821000875,3.1368825189118494
-109.93269168112305,3.7127838081678775,5.074965198422204,-68.72088477095771,1.0760004433009815,1.65049029113404,26.202967576879853,-97.56829128511013,20.446518037702994,-10.911901394486,9.246813786714698,3.284385579730487
-109.44162484041198,4.501730656392285,6.189384359872411,-68.93441225187334,1.1933094799683526,1.822107535746282,49.354047366928974,-102.47863164104088,18.655593601908464,-17.67888820116509,-4.216246563763859,4.2975788043090315
-108.58851674313763,5.27659377091887,7.3667117080175295,-69.22080065803115,1.3293232808405662,2.1195177461117574,75.19985572543625,-104.62535875910552,14.68365757830031,-24.166926712787625,-18.753692348059808,6.390866689113158
-107.36087347489845,5.980230165135263,8.566747410793193,-69.58632361011261,1.4908173683950912,2.53870330326831,101.5518226574167,-103.97446358898833,8.182675212144911,-30.223536368636495,-31.596323688498956,9.1876846443874
-105.77821771653795,6.552727366431872,9.739744853924389,-70.04030191558482,1.6823838371862643,3.061007799897495,125.87348543366826,-100.83465435862556,-0.8592429849759045,-35.75248465584769,-41.889079990945696,11.850638073516212
-103.8911147734987,6.941105398745813,10.830024207019044,-70.59063877492223,1.8972000344736348,3.671098153335347,145.78488121515153,-95.5145640930747,-12.07031561501169,-40.42605670189939,-50.6648753683228,13.463313401293556
-101.7747890941877,7.108134965598212,11.778650229676876,-71.23734470438208,2.1144119802418215,4.368136816006828,159.56015800640904,-88.01275097656598,-24.71723427296412,-43.63605380135673,-59.76179779639133,13.4753702150247
-99.51839684625503,7.03839768673411,12.52553009162144,-71.96824750064081,2.304634755619419,5.164083863504287,166.48498368838574,-77.90181260095319,-37.79293754797087,-44.73654735734914,-70.29349478791329,11.965980133326463
-97.21179007105665,6.740464085435387,13.012423311045326,-72.75968928952425,2.4407263060516713,6.070407162045676,166.97400604098968,-64.5079117875503,-50.16261550442126,-43.411824158635184,-81.64552099569592,9.593803643900603
-94.93245109169203,6.244971327110044,13.188477791754424,-73.58204349365242,2.5085597649988762,7.080903115629017,162.41228194844876,-47.36222484599018,-60.747430645455225,-39.91287389722029,-91.55116632139291,7.300139327388706
-92.73580793684354,5.599203035283951,13.018592550767162,-74.40731979906909,2.5131462725301756,8.15975518580064,154.76300127586765,-26.736141448370212,-68.7048223616022,-35.01972699419802,-97.01908781319547,5.947952621482914
-90.65151067104543,4.8593884738146285,12.492835473882211,-75.21543982396015,2.4781488625209285,9.240244228333548,146.0526238420313,-3.9791606062711025,-73.55914875110821,-29.770734420321663,-95.48303216398199,6.052874303372468
-88.68630124772162,4.082288015110789,11.633584505728358,-75.99696150071831,2.4396551029018925,10.234077104617995,137.8869357606025,18.55547848611365,-75.25195076911,-25.112426875495807,-85.67043956407666,7.6691168056680095
-86.83173109407215,3.317681535884133,10.496963940874238,-76.75202060877507,2.436770095804662,11.047499932037645,131.14593785779508,38.02421072939854,-74.10314947843196,-21.636385542012384,-67.9856470502094,10.420073793247722
-85.073360920194,2.603122002920862,9.166657422120384,-77.48686657084052,2.502009262384611,11.599142544088611,125.94060896359069,51.87228005994348,-70.69330597813062,-19.495554509794346,-44.40553004074002,13.633825949056263
-83.3980178956045,1.9617847048944757,7.740743040380549,-78.20995239038348,2.6540252373712363,11.835090395288923,121.8119085051181,58.59417753021953,-65.69577493368578,-18.48757577675585,-17.99853908502485,16.535083465815752
-81.79721444870094,1.4035025806365544,6.31487731550755,-78.92910533156476,2.8942689338703347,11.738099302147685,118.05732938257859,58.18678500359022,-59.70913769769745,-18.228298828519662,7.752013241730603,18.442189486455483
-80.26705110028078,0.9282719483858618,4.966831582250281,-79.65035001232961,3.2080131053073395,11.32964930288605,114.02891341161293,52.10643396807986,-53.146690321371864,-18.333136582336785,29.628418142749553,18.92419366679856
-78.80652326458504,0.5308796953356216,3.747120848733114,-80.37811211914602,3.569022717850706,10.665266329428906,109.28494494066726,42.73701675099393,-46.21286579239533,-18.552523207144596,45.21417201472333,17.8864098710314
-77.41639264116718,0.20511509006031134,2.6781840469794638,-81.1161761506819,3.9463194999867155,9.824834666777559,103.57022529748167,32.57143408109107,-38.95148967759479,-18.839984811518562,53.203262044592044,15.569248570610322
-76.09989899746934,-0.0535988447390824,1.761285047248279,-81.86883245302637,4.311144222208649,8.90026863096138,96.68617289246447,23.41820044291247,-31.325035821882516,-19.35165459891063,53.46922827471309,12.46519563105925
-74.86529502709968,-0.24756574374844784,0.9874933451725276,-82.64180889924889,4.642404184322867,7.982924803110256,88.3532255222332,15.942265697982247,-23.287574736760263,-20.385182400014507,46.92937353446674,9.179935060790255
-73.72910243252136,-0.3778080447633026,0.34791884696524633,-83.44265103331809,4.929500128496974,7.152670906463482,78.14130991181989,9.696308157346214,-14.83054704567808,-22.27246272259607,35.26517800811207,6.277834734447254
-72.71844227852885,-0.44586989163090524,-0.1608558033219083,-84.28025131833805,5.172247855094876,6.469789903191461,65.49766079874159,3.5768426045329056,-6.0105409708511415,-25.2504627218345,20.57582934077682,4.15377779997079
-71.87088429003582,-0.4556002153214239,-0.5380028093230216,-85.16337125842142,5.378392451054032,5.970124282131894,49.8759179053738,-3.505630980731264,3.012747383412211,-29.344141768809898,5.047059513665366,2.9626628445833125
-71.23090770621414,-0.4144365856043415,-0.7855118326070816,-86.09828487591346,5.559741586753808,5.663307143494043,30.9449759048645,-11.999747801853793,11.91560598590878,-34.296314281332954,-9.306438176526681,2.6188260820870313
-70.8430506471822,-0.33416523027528927,-0.9179294387682404,-87.08600589607,5.728110944995443,5.533741515627484,8.830239693226119,-21.35969600143344,20.144296145472644,-39.56714452591646,-20.816796139584746,2.8565345630378953
-70.74285053619279,-0.23140880813341425,-0.9702142820368795,-88.11980904864298,5.892104874903932,5.54409764749683,-15.681635916082692,-30.103705636217626,26.886477884335694,-44.40550794804825,-28.287231495596096,3.3267768696597386
-70.94744668829286,-0.12800876046439894,-0.9991632422055554,-89.18382738636957,6.05537141690686,5.641199485609082,-41.05352012614196,-36.288821364067815,31.131258743514355,-47.976541667764195,-31.09104761345629,3.7000472009899
-71.44800903662914,-0.05102598314256261,-1.075626370351217,-90.25337668226388,6.216518286608205,5.763973058661575,-65.08460471770034,-38.25849251190955,31.853068122781035,-49.519303773109925,-29.23774581689338,3.7493314255715355
-72.20592432813497,-0.031526677464658606,-1.2680545866123385,-91.29732847515527,6.3704604836407075,5.852586982359595,-85.1881653891767,-35.389528682362496,28.313684892884048,-48.50436269862875,-23.3698827633373,3.3967376503163855
-73.15402730269457,-0.101089844707353,-1.62188664756561,-92.28234002014982,6.510639840211749,5.857274510842615,-98.82336115234385,-28.511067149369467,20.41785219325331,-44.76174535346085,-14.652337015792224,2.7161505352618205
-74.20328196294776,-0.2854942929727394,-2.142314182828276,-93.17814457224286,6.6313350492709615,5.744957205717469,-104.0030158129548,-19.75224348115774,8.998300355790057,-38.55100279593854,-4.541944379011297,1.8915321854028437
-75.2543427093718,-0.5964061160034386,-2.788361513082478,-93.96264228418467,6.729204945999106,5.50197943770428,-99.77678884868338,-11.803708888878035,-4.12188084464904,-30.544862917131802,5.5328989873201895,1.1364834273814064
-76.21244185524641,-1.0235817616050595,-3.4830286262422003,-94.62544529461,6.803333372757196,5.132096744505478,-86.58369126415575,-6.869004629700344,-16.401613778133648,-21.701610595647416,14.512325196969282,0.5865091664532388
-77.00310782041073,-1.5311011725503145,-4.138142030209359,-95.16881936722469,6.853411153833074,4.65019864218444,-66.37600739223774,-5.775792443955392,-25.18107751542808,-13.021737160065305,21.963734610210555,0.1843185090517662
-77.58546463157502,-2.060525912960331,-4.685981304033973,-95.60543994676566,6.876287112418634,4.0737350952084554,-42.440287966702876,-7.664172886159273,-28.44066361820445,-5.228877217759075,28.15360980141647,-0.40792159089528346
-77.95965787141789,-2.541582980570448,-5.105895164923993,-95.95295151097154,6.861837883758305,3.4149272999293245,-18.88164194268875,-10.38752129626315,-25.440704527037543,1.5325842410033717,33.869524451794426,-1.825010659301722
-78.16571121044149,-2.9079973308216243,-5.435131492081354,-96.226052477205,6.789713419564323,2.6769968908662687,0.19403116743384316,-11.448260304491493,-16.982049270402726,7.866925345864817,40.016103450251585,-4.905790506949687
-78.27297141113714,-3.1138461409168574,-5.758777789980904,-96.42771133874484,6.628709563074237,1.8564859849408002,11.654386881370133,-9.093368781493712,-5.1837014088974005,15.076432594736582,47.108948581796334,-10.481235081104941
-78.36191079182358,-3.1452641199943456,-6.181698106994551,-96.54189762443477,6.3400781413943585,0.9514519419649048,14.205038993270616,-3.1161026943392334,7.129878002151723,24.872267133226018,54.85822014980819,-19.07695552450781
-78.50267186549992,-3.0236258556958493,-6.792367009928391,-96.5304848409586,5.885011863231181,-0.027262667911356786,8.828433347881797,5.025509882769729,17.21534565408414,38.90071022237013,62.019552774930915,-30.607827950098407
-78.7363764807965,-2.7989257035365234,-7.631609365926458,-96.33641850501711,5.23509731902581,-1.0462169746768577,-1.4416100038009696,12.884359146280058,23.133600312516993,58.195174528249005,66.59184551943001,-44.17000913782596
-79.06503722199311,-2.535160225003053,-8.677092781863086,-95.89373130179393,4.383143506644978,-2.045590379828541,-12.43786921418309,18.18470016699053,24.217164073152546,82.70454810646677,66.3150723879974,-58.030189627162464
-79.45363993440496,-2.2922467391426133,-9.847953889733459,-95.14277724862957,3.3509541486042855,-2.9442649612471055,-20.213886699984993,19.85882037469791,21.15766937465201,111.05924415807331,59.32257293748383,-69.86917508471728
-79.84413268237515,-2.1104775385362946,-11.02617685126025,-94.04686057129118,2.1907954577133686,-3.6536776963150768,-22.353737593529093,18.401590451123624,15.675148165334914,140.6908415020276,44.74776824891792,-77.26017214588725
-80.176849396319,-2.0028793431555028,-12.085863757922306,-92.60527360293942,0.9788161882392341,-4.097202300365158,-18.71646613667997,15.387531132481964,9.856438677694857,168.32049077642097,23.069501658475097,-78.26743264032095
-80.41192637335583,-1.9579316248850374,-12.920497393036252,-90.85838005805596,-0.19872681485211494,-4.229504919303178,-11.307331441981647,12.49018596368283,5.395065765650857,190.71117360644848,-3.9745104603829104,-71.9782421682587
-80.54309761723677,-1.950896479875745,-13.46122382802681,-88.88270102326648,-1.2628780915220237,-4.049781382020882,-3.358719167981068,10.574790373306973,3.0397380364054407,205.4736585023155,-33.91119253479644,-58.7766537810965
-80.59942954802386,-1.958475353473785,-13.683648349342597,-86.77711776248627,-2.1579496893858074,-3.6044625906344905,1.9404943816292122,9.27325430363455,2.4870168943885917,211.6599487572098,-64.2359400366939,-40.251208016669395
-80.6356810220814,-1.9704331825461023,-13.604274330045426,-84.64414206306067,-2.861368450394807,-2.9782845462348373,2.4897280343180346,7.133345162129979,2.7390163994706187,209.9318447636634,-92.91297066571026,-18.777360833778918
-80.71625001893793,-1.9937259911494765,-13.269653861135541,-82.57168064603553,-3.3848069277336768,-2.276169191424456,-2.2864032141313952,2.2616609596965978,2.699528316020621,202.26428533074886,-118.47615361547605,3.0626376303896725
-80.89900883898046,-2.0484343219329326,-12.74192122765417,-80.62028088483203,-3.7668501485080665,-1.600969390468613,-11.595274504821882,-6.742176872519201,1.677644975159481,191.31679189728604,-139.8634920638393,23.035286125928476
-81.22384757905576,-2.1584374351516895,-12.08421362634636,-78.8187544624958,-4.06002751718647,-1.0333548800736576,-23.778000922269943,-20.05177969006717,-0.42238218705145103,179.6906963744561,-156.28865286940442,39.64450628781899
-81.70803297797946,-2.3415249855911893,-11.348917913478918,-77.16828891581311,-4.316502033383263,-0.6196998903147914,-36.90602040731666,-36.60161927904695,-3.2229039343319577,169.28951362395304,-167.34092070960304,52.27967756739317
-82.34797912011031,-2.602960308377838,-10.570923524715838,-75.65274155636236,-4.576647744956395,-0.3713822518233272,-49.2837746141735,-54.7444925708583,-6.145827390909451,160.94505227661824,-173.2460018778126,61.12279866642395
-83.12533346374418,-2.93415193947314,-9.767070894026524,-74.25143888779735,-4.863315563943175,-0.2747644847552504,-59.74725925108635,-73.01384800361839,-8.66901368060547,154.38379285232855,-175.05518096807347,66.87928208087422
-84.01456597356581,-3.3155774002911906,-8.941515722769,-72.95063228796786,-5.182432292151246,-0.30698509058634826,-67.73937991767778,-90.5234785487851,-10.474176517062954,148.51189458111494,-174.56235204669068,70.43625454769331
-84.98951810209316,-3.7217019293504667,-8.094780094892688,-71.75058434213896,-5.528519426707082,-0.45046257037888804,-73.21134614800118,-106.93884975894063,-11.46624176856244,141.91696114159828,-173.91060411704095,72.55883290760427
-86.02737956736978,-4.125682523752378,-7.232564328442097,-70.66673003817704,-5.892392023328322,-0.6995838398806411,-76.43126840110924,-122.2006134937308,-11.697702942263192,133.42759782477185,-175.0141023728433,73.71213305427312
-87.10980868588948,-4.502647790549705,-6.370130354404456,-69.72509233005141,-6.267982543046538,-1.0563580816979465,-77.78862177571902,-136.20371674004144,-11.266284127613684,122.53470537708581,-179.00489203076847,74.04779042470588
-88.22189018535556,-4.831500397243615,-5.529825269061177,-68.95374299471524,-6.655889463512148,-1.5169988809877273,-77.66100434733309,-148.57139177992363,-10.249640426759868,109.50568845625772,-185.90261242940545,73.5276561142981
-89.35006893667814,-5.0958763239029405,-4.732494178199113,-68.37319292934284,-7.062601920190069,-2.0561583525400398,-76.35855073841344,-158.5985263952242,-8.701994672691697,95.18177263435666,-194.5974321402715,72.10310062237883
-90.48013896786574,-5.284907391463683,-3.9867815686984778,-67.9888364143747,-7.495964183830815,-2.617034936742521,-74.11892654073384,-165.38022534173288,-6.695841514629916,80.61324586423441,-203.11831203299917,69.85995282332841
-91.59602811613436,-5.3939856047883294,-3.282146039389394,-67.7878532629087,-7.958811878847796,-3.113022667284074,-71.11800462991339,-168.07179253010833,-4.369011921201915,66.70209342698361,-209.1042299808261,67.06795446650383
-92.67973706830587,-5.425235210197612,-2.590454987354261,-67.74153692760305,-8.443386763223506,-3.4419099003931475,-67.47967746180272,-166.1673867641613,-1.9393934148781866,53.95390683437214,-210.3517108634751,64.117467365177
-93.71248596844178,-5.38719787038241,-1.8768423815534279,-67.81235514495155,-8.92887832962758,-3.509258885888128,-63.29134391353635,-159.6779941697411,0.3279013382232222,42.38418583092037,-205.28824991846372,61.3742649925372
-94.6768863710933,-5.293422999991153,-1.1150391156157893,-67.96366404217291,-9.383344323550801,-3.254525252766663,-58.63836473694058,-149.14862661359444,2.186712928887809,31.585173725311044,-193.26004360059093,59.01608538847645
-95.55973060452799,-5.160084492093064,-0.2995392552020961,-68.16926043407425,-9.769747217012084,-2.6719187788410563,-53.65571513198993,-135.54392005458675,3.476697180058481,20.920465445934383,-174.60166161504714,56.92113002685271
-96.35475701837471,-5.0031537910024815,0.5509544878809285,-68.42002743614711,-10.054459452252873,-1.818559943155177,-48.57498691131068,-120.08158816114842,4.162030929130703,9.78104632198962,-150.5265690606631,54.65870975866299
-97.06461014338134,-4.835826538085399,1.3992820527526675,-68.72570166608932,-10.215775197360907,-0.8059106504272338,-43.73887299069693,-104.0743136942209,4.333055016852098,-2.1754177772517407,-122.90228804296612,51.59694928282994
-97.70131667385259,-4.666770765031531,2.2010591106937074,-69.11100615835257,-10.249907199846051,0.223906205252571,-39.566191439677524,-88.79407233951261,4.1795250990374635,-14.866746084723152,-93.96796667949249,47.107286014636784
-98.28494773024211,-4.499461780911346,2.9164109846323916,-69.60678769049011,-10.17258735766837,1.1300362295606672,-36.470464807135855,-75.3503624028671,3.9485188891556957,-27.74285668388747,-66.043760718897,40.81548740197536
-98.84058156410384,-4.332575173730838,3.518387774640959,-70.23813697246783,-10.015522277545832,1.8039108002643456,-34.75363535287219,-64.58096609882179,3.8952255920887033,-39.85562779365749,-41.266789450221076,32.828110717183854
-99.39407903325771,-4.161230826253579,3.996440406645468,-71.01250012884513,-9.818316073414984,2.191287703259733,-34.50697979541368,-56.96542424189132,4.230204842074806,-50.01988230047599,-21.364771518716005,23.857018584185013
-99.96749369386171,-3.978812401566893,4.35543465467887,-71.9111983692582,-9.617791162143224,2.3004405916605863,-35.55265934547899,-52.57320722095542,5.067345703338537,-57.03810554571476,-7.470667893682565,15.178646630559465
-100.57513024550319,-3.7790643679626053,4.61200476515955,-72.88725423161164,-9.43763583189687,2.195431732274217,-37.45232015829491,-51.05793931341363,6.381616404814832,-59.95605058622972,0.00037303178393433,8.399134001086578
-101.22125098971868,-3.5581353283191173,4.790372546198341,-73.87090101342281,-9.281660863296727,1.976919505484244,-39.59283612287594,-51.711995587353684,7.990346670810979,-58.298119648321425,1.3748706796732837,5.048243254334279
-101.90010996276067,-3.316180892977734,4.9192169333226285,-74.78200330673545,-9.13332212263471,1.7556934599515532,-41.33320908126979,-53.59217683996128,9.57189545875065,-52.218246174316825,-2.382109246146036,6.091381164736501
-102.59838248384675,-3.058096590211273,5.030152641242699,-75.54655968507235,-8.962452409121939,1.6257779653837878,-42.168329532086474,-55.71022305207782,10.727714275141505,-42.5151793943805,-9.901046177264414,11.508677033305068
-103.29932835100607,-2.7929846849142024,5.157330184371229,-76.1131542630393,-8.737730700852174,1.6441733003670993,-41.84991370218148,-57.26301425070757,11.078651084626879,-30.499744198143834,-19.753369594852284,20.106494378222983
-103.98741397544656,-2.532136938173947,5.3369669680059015,-76.46502526433807,-8.441130771863106,1.8226998205638867,-40.414193670442465,-57.863442117542526,10.37168772271066,-17.747202387135225,-30.860632055055383,29.680763284466828
-104.65180821131447,-2.2856657067663035,5.6054396321355835,-76.62439350997548,-8.079340696449213,2.1337336406125327,-38.095990657263556,-57.72079299277491,8.566481697108319,-5.797674030837175,-42.8521231263603,37.547788064424644
-105.28727762581872,-2.058372546145331,5.994949355965369,-76.64765648975307,-7.687574369851519,2.5265388126633193,-35.14651102647717,-57.715355177469156,5.872940287381196,4.127315971990561,-56.14749030367634,41.31282256086481
-105.89159513927216,-1.8458532757564459,6.5266516932523295,-76.6125465342387,-7.323452895525898,2.946603858010561,-31.61039424489909,-59.31878467809021,2.7246457730786053,11.331364367282896,-71.53874773047342,39.6130330464791
-106.45959651742346,-1.632035735714769,7.202369943501402,-76.60069804567286,-7.052127885351411,3.3496676324940093,-27.144510528562865,-64.33707200843159,-0.3040494647849318,15.700675365103516,-89.32257490006303,32.547672332555074
-106.97526523088733,-1.3892360793004177,7.997308424922823,-76.68050064537606,-6.927203345695571,3.705809139040115,-20.961514676752095,-74.51430933213328,-2.615007183124952,17.544755285944042,-108.45903634821791,21.637656795738195
-107.4043191790342,-1.081397760940582,8.857050499481256,-76.894994882693,-6.9737397677982935,3.9946241260478423,-11.951142179325744,-91.09427337921947,-3.715276138780857,17.26163101454782,-126.36336080878667,9.356641151729539
-107.6902771081015,-0.6704941993220941,9.701919218984958,-77.2577797196552,-7.1788912227466675,4.1965265908651315,1.022447025248154,-114.44279260538383,-3.337998704656833,15.00901084907789,-139.52935451135326,-1.5768250292604176
-107.75657976150087,-0.12521924207293114,10.440052746455436,-77.75711235629726,-7.49301648073828,4.286075069369199,18.71258710786524,-143.80149097528374,-1.5317469330865439,10.582489312717106,-144.6054697549558,-8.91766146843298
-107.51595099149203,0.5697721109344751,10.987449891002656,-78.36572452231721,-7.8407708256946425,4.231723601963601,41.09298642166932,-177.20882407362964,1.308183687236743,3.585803318861599,-139.37810653448255,-11.4403230840251
-106.88604541751086,1.406406167510401,11.289747204993827,-79.05232249687998,-8.13897487482876,4.003587075843636,67.12058778405364,-211.6015340071658,4.486184527478059,-6.1731853867965825,-123.43023755291145,-9.200494723665539
-105.808133441836,2.349880481211434,11.338334730535326,-79.79075520198477,-8.316490646647404,3.5872946385621147,94.77679660035545,-243.0924222008057,7.132266176204459,-18.237579520710376,-98.54029150510873,-3.4579735547973938
-104.26393828495604,3.3411495839617373,11.174260014250338,-80.56438853326233,-8.330887196628833,2.998819240386215,121.41577093700462,-267.3998500632573,8.387195633390382,-31.2529949408125,-68.78681909499886,3.726185915312527
-102.28549008346573,4.305470106387235,10.877293958735804,-81.36567112162952,-8.177329550575221,2.2937656944405775,144.33783529564727,-280.395798873687,7.607876364435623,-43.141411765878054,-40.05228217122279,10.114854353444278
-99.95430539464911,5.165577944027523,10.542642756335148,-82.19298766635141,-7.887034701713493,1.5657108918474527,161.4193151554403,-278.7514160137873,4.542929689344236,-51.73603319553301,-18.660032997602027,13.96199927378008
-97.38906199703149,5.856583342015565,10.25190090811127,-83.04750697913447,-7.515726535906682,0.9314180190335568,171.6023911321256,-260.6417413512451,-0.5723836040994602,-55.618379034618656,-9.39558845276391,14.508380236194395
-94.72441791719318,6.338869566561828,10.047094345025162,-83.93166728790821,-7.125933629316986,0.5051184621293219,175.09293115518696,-226.38961778362764,-7.038881671715815,-54.7115429519517,-13.755765783382497,12.129990727568805
-92.08654690872407,6.605515493683545,9.916853700908892,-84.84915411819254,-6.769182853312379,0.36829457151093425,173.2076046961572,-178.83919664054557,-13.839120696358554,-50.304493234298945,-29.281643770710055,8.091452032285973
-89.5720723610131,6.682134971798545,9.800947356131214,-85.80497712364512,-6.473934340466403,0.5438824013729797,167.92718469485376,-123.23320992154365,-19.86812900238241,-44.51635720483796,-50.243876953283454,4.022637596363438
-87.23573046693012,6.619218112472549,9.612947029990032,-86.8042339630647,-6.242559450798891,0.983314557168194,161.31672595848525,-66.4698635188226,-24.182735696808063,-39.48596027640688,-69.36010822395727,1.3340997316142764
-85.08892009317309,6.4793100214560875,9.272890861222322,-87.84920570419573,-6.0570761213195725,1.5714540261396226,155.01486498722502,-15.81669128676927,-26.203880540168548,-36.64351582627002,-79.93503316202127,0.7799535579517582
-83.10786531992872,6.3228192504196326,8.737065500661286,-88.935791684214,-5.890314431126989,2.149491698085361,149.94727106921385,22.63048883210134,-25.82178120976537,-36.325252652987636,-77.7659119864303,2.2982726043059345
-81.24776659776485,6.1964322951341835,8.013488577360668,-90.05106472992918,-5.717765638150152,2.5507696830246815,146.31065438799962,45.32017563380508,-23.372612873115038,-37.826411570047966,-62.279351014526995,5.143809858478318
-79.45851692770546,6.127046313021034,7.1582405571824435,-91.17341039194659,-5.525844120252925,2.6404992776085745,143.76326432446587,52.01689792345146,-19.48552218355373,-39.80948861257883,-36.601053677931255,8.227261137061294
-77.69807725225961,6.1222027818145,6.2557358751312755,-92.27553406596574,-5.314223468882175,2.348605222615543,141.69752970334807,45.68579704667908,-14.848409686226194,-40.85867305279396,-6.560920055322084,10.523595194740196
-75.94091807006178,6.175832926005998,5.391738347296483,-93.32936223234225,-5.0924180523291485,1.6863855533564394,139.4789518922698,31.494773871862964,-9.98646050555438,-39.958562136428746,21.034970344588665,11.408009733568282
-74.18057372886416,6.276469265150591,4.629461887635413,-94.31125582824212,-4.872894140783912,0.7423652968560668,136.58903606190864,15.26449200303318,-5.147972764380802,-36.7599014158018,40.290245073680374,10.815056075775235
-72.42703152918605,6.414564732938274,3.996489366092309,-95.20617478230993,-4.663966948926928,-0.34086054598504223,132.66775696569772,1.8986577215721372,-0.33876231242914084,-31.606282723042938,47.672890028350935,9.186444629510735
-70.70108165632105,6.586350915321142,3.485183506490804,-96.0101196309101,-4.465339191849142,-1.401380776396759,127.48307630875615,-5.706547271996636,4.534530402270109,-25.37535843828301,42.662373699560774,7.252835686688028
-69.02839021020529,6.793344305088441,3.064156758956816,-96.73077403586723,-4.267719885929191,-2.294176676618031,120.85711207579945,-7.033623673820003,9.507341114493013,-19.218257502868703,27.518948203665424,5.749044502119634
-67.43557207735259,7.038430760934013,2.6950986256014406,-97.38647361444399,-4.056233688808102,-2.9194345284133014,112.58096837417695,-3.634568363266593,14.46859388168543,-14.275411456198432,6.377052876502406,5.170167252697172
-65.94920614410195,7.320727961265643,2.348477196421989,-98.00357804867451,-3.8159753331900825,-3.2371256900419834,102.3543389052563,1.671714226412957,19.17079061990337,-11.427493533513863,-15.970304111050421,5.644152072144843
-64.59730125551108,7.631742117909316,2.0129416946699816,-98.61237773776668,-3.5375152999797885,-3.266661669737672,89.76541933207554,5.834973428645407,23.315584423130268,-11.121928167640588,-35.20586739253596,6.9427573180808535
-63.41177713957698,7.954668995429281,1.6958385429615426,-99.2419750809484,-3.220503799674327,-3.0745092070512845,74.32992078719039,6.559593792723983,26.65435922934904,-13.300461634827093,-48.26382443002245,8.600968354922626
-62.430202699740946,8.26734376932899,1.4152767533257347,-99.91498279237334,-2.874465404105925,-2.7549880645028555,55.61501984757825,2.993999140510783,29.04827002895064,-17.43581237173762,-53.65116614851176,10.085768229696821
-61.695213757879905,8.547830657222567,1.186882401648349,-100.64311075257224,-2.516939948879037,-2.409787916449649,33.439430541116735,-4.046846155664013,30.464690466911993,-22.662167049810495,-51.373220655152956,10.953485993765472
-61.250611794309584,8.780515896473243,1.0101130673606438,-101.42462601695374,-2.169894662970165,-2.1305467321021028,8.10186507927421,-12.370672635938309,30.919380123831225,-27.961557742412516,-42.598963080453004,10.951704419792936
-61.1340777808975,8.960269366486811,0.8592885356899682,-102.24430596543587,-1.8556301432085576,-1.9869813200030322,-19.42610518954806,-19.108004859789222,30.397856731343524,-32.357540102190384,-29.210648893272815,10.046961554804472
-61.36757162347271,9.092952654536871,0.6831929846297538,-103.07599837886286,-1.5932600817539095,-2.0212647691641603,-47.406323138374404,-21.61046938070202,28.8046153242533,-35.07470850620051,-13.35413239649059,8.386005850372452
-61.94751609629965,9.192050363297142,0.414519087453872,-103.88738091814706,-1.396410213903012,-2.247984272133782,-73.39668220104758,-18.289603099988092,25.986806385414205,-35.64222771256503,2.932324650550685,6.2184014645288554
-62.83746662227139,9.272848147831839,-0.012752503409263483,-104.6460440213537,-1.2722595902733314,-2.658183940855664,-94.515232410762,-9.16045449384185,21.849288848390422,-33.939929999919755,17.969682107190767,3.815708177405269
-63.96594483400387,9.34659855581817,-0.6428160767760271,-105.32566338286087,-1.2216485901214151,-3.225678551577369,-107.91907161543006,4.0695144877121665,16.523384354578468,-30.195949697106734,30.564978942158792,1.4157131352543009
-65.23135265649985,9.417022765333934,-1.4807787845528058,-105.91089974336798,-1.2398508315379095,-3.9139856163797484,-111.44380038228633,18.40977150543201,10.501278167580342,-24.94180233959914,40.04198674514739,-0.7982070201046932
-66.51437731572334,9.480377484667375,-2.4848355271226215,-106.39987747796904,-1.3177595065304994,-4.682776731752718,-104.25916047685027,30.40035215757832,4.641726388370214,-18.92033486819957,46.22379504532602,-2.6940942318733043
-67.6962613308624,9.52877196861046,-3.5716266428472228,-106.80359959619348,-1.4435209137188638,-5.493432762106988,-87.32949437213784,37.10538046264344,0.005286859511036868,-12.937102928783625,49.40462440926907,-4.188909522441042
-68.67924318436734,9.555210250543041,-4.634458222840109,-107.14226076186542,-1.6048093522636326,-6.313718723660566,-63.47029104049822,36.983622917536856,-2.434276831589785,-7.6589018584838,50.3094745531865,-5.265820941878642
-69.40410005500563,9.55838196266761,-5.569542743627517,-107.43897610804717,-1.791773488224097,-7.121525948634551,-36.88377497622557,30.342555206684768,-2.0857281040698794,-3.3934643145312093,50.002275747813584,-6.010220626567241
-69.85981496504898,9.545424184572324,-6.302088557422191,-107.71194139949367,-2.0001898005337284,-7.907173312634136,-12.229559208911288,19.18934353158568,1.071657402896474,0.08777898021241011,49.69580963781388,-6.639757257173185
-70.08236314197065,9.531452870854412,-6.803574283052379,-107.9664963568853,-2.2337794521767065,-8.673365779378154,6.494959689543452,6.502519604105652,6.458702676389661,3.6138464937317756,50.45358754841492,-7.490332106840261
-70.14304191127526,9.5355844934381,-7.094660404265436,-108.18889539132913,-2.50437222635526,-9.432079115677732,16.854846508918605,-4.781326583521974,13.01341460200727,8.51067059802145,52.84627964026657,-8.928787429382094
-70.13030096253614,9.574468772496695,-7.233851210835779,-108.3436164131338,-2.8289616335255516,-10.19855271752929,18.347272644070678,-12.621106897144674,19.41485169869926,16.317232559423022,56.692550611002694,-11.19954180242373
-70.13100345401784,9.655656026763193,-7.297465719598263,-108.3755824424073,-3.2237286615006595,-10.983881678297678,12.185074051937523,-16.24285696702619,24.37252855915064,28.371254306712395,61.025697784024,-14.25808440556025
-70.21649072458573,9.773656364422612,-7.359009214236481,-108.21767678554018,-3.6964583218074782,-11.788666321831727,0.6569371934560655,-15.995582190167088,26.93527503040562,45.372686622083144,64.35285019809109,-17.666869530891816
-70.43608446960128,9.910721229481469,-7.474849451719239,-107.80254656177719,-4.239801094426875,-12.600099029574373,-13.651681579535204,-12.875274084542857,26.7429081245583,67.06116859802094,65.13638521209286,-20.615649571625163
-70.81723540032554,10.042329871365268,-7.679367415630499,-107.07629773757469,-4.827973098375526,-13.393565352853855,-28.473515036994275,-7.947390739989447,24.111526653389358,92.1248018963406,62.31148040341465,-22.085675523169787
-71.36922283776249,10.145054626969948,-7.988324880640875,-106.01083507444189,-5.418554953321082,-14.137843862874687,-42.13409982350221,-1.8714951337284003,19.874125279378244,118.38967290745143,55.633840186977466,-21.12153320509383
-72.08718715078692,10.20324463548409,-8.405661915103023,-104.61172340081917,-5.959349402530435,-14.801299376259923,-53.55498427933311,5.239193125968584,15.02691608001866,143.24718339058052,45.72608354901043,-17.12858722296711
-72.95495745392999,10.211663931080428,-8.927721950256188,-102.91953373318285,-6.398502185116717,-15.356058575199345,-62.20116966688671,13.428463097147603,10.371195788462265,164.20118333243485,33.810554764037235,-10.097658996218978
-73.9471020097717,10.173488303666804,-9.541071096361136,-101.0042406424024,-6.695034144547648,-15.778465400357595,-68.07240733237109,22.135283889200355,6.342165632735252,179.38771911713087,21.24443874666938,-0.675654498876461
-75.03144975903702,10.095463947951973,-10.215013098822265,-98.95384102695675,-6.82692359673819,-16.04650131787999,-71.64798210023199,29.67395585663482,3.0619773290020214,187.93610851960554,9.072809337748353,9.959202724200411
-76.17275258827642,9.983108767432057,-10.894552265658866,-96.8596717487511,-6.794740733842538,-16.13676214436161,-73.69677460766938,33.50622085503191,0.500894191197248,190.08315662848895,-2.1972769431764787,20.39687755173322
-77.33704493735989,9.838200996515392,-11.500476576941242,-94.80172849962752,-6.620157750706699,-16.023693995659762,-75.00819090017696,31.208724420602397,-1.3879304977312523,187.01736025917083,-12.565648367232672,29.371669024896306
-78.49560496205928,9.659198148368931,-11.939743356077773,-92.83737042314274,-6.34005917154096,-15.68220171058686,-76.16902572345946,21.534026631188617,-2.6154551456835207,180.5080647435538,-22.36486348458734,36.07799314680698
-79.62753593169512,9.443755164635244,-12.124037711993504,-90.99592485160737,-5.998122153383277,-15.092743032432635,-77.46373095345064,5.017481217695992,-3.170965645305737,172.43800239907296,-32.06050449027517,40.32127114591515
-80.7205524720085,9.191817850778675,-11.990516567635742,-89.28003057640781,-5.636304866432289,-14.246820122443632,-78.89129202095195,-16.074689958329486,-3.065165973581954,164.37730506483666,-42.08705185094622,42.473425748954995
-81.77016424346161,8.907887302214187,-11.517917608684318,-87.67264265026617,-5.288479408768195,-13.150703069760798,-80.25064188595545,-38.34956933446812,-2.3671251255819357,157.30616377941377,-52.745776578905655,43.27292297606958
-82.77786326839598,8.601659288773215,-10.733067376573604,-86.14716121544447,-4.977554085598216,-11.825952548884983,-81.25279499948114,-58.16768411744774,-1.213051693346866,151.53251892471275,-64.16615070293099,43.551230675700154
-83.74902796228048,8.286967471867118,-9.706144426388558,-84.67759558581666,-4.716182651026669,-10.3064341535006,-81.62685927147109,-72.49691838352399,0.2165180430342366,146.79027859778515,-76.3034835602157,43.977165189048904
-84.69105789238533,7.979530188958035,-8.536511176856537,-83.24609377300408,-4.509986888016491,-8.632707423351928,-81.19333494892078,-79.51039119711399,1.7357853368098823,142.4613703126063,-88.92881112909603,44.89152927808391
-85.61193131981352,7.694278118429325,-7.333392967564475,-81.8463180793743,-4.36150067891008,-6.845629214609955,-79.89486016348795,-78.81987906392843,3.186988323562111,137.8407228503707,-101.5765511233855,46.26594265648686
-86.5191746117709,7.443014364051671,-6.196495384428772,-80.48265363808325,-4.2730099809637085,-4.981450288349002,-77.79269150523172,-71.36031628262147,4.456313568282432,132.3531228964559,-113.46239726703115,47.77908778422605
-87.41919375534324,7.232928369315372,-5.200868116812011,-79.16664415693319,-4.247129234013687,-3.0703901030452716,-75.04435141001916,-59.025512263133805,5.476170426297976,125.65314803676543,-123.43885167188235,48.968644731193365
-88.3169010162702,7.066187047235363,-4.388568709897026,-77.91284038296769,-4.2850614139754235,-1.1395700756408544,-71.87412955723751,-44.1877079169069,6.222921780136688,117.59178307681161,-130.06526538772428,49.39464255607804
-89.2155012594951,6.940554439565638,-3.7676783912731837,-76.73607143497169,-4.383557954445638,0.7804937556147724,-68.5405660496153,-29.223775551996795,6.714140246903345,108.088583371697,-131.817246520795,48.75335469668549
-90.11626950349465,6.850786059975745,-3.3175099220631408,-75.65115195428665,-4.532160063704347,2.648238166554318,-65.3008532042483,-16.134819393657963,7.003688984342522,97.00195063907205,-127.38209113887919,46.909605710443536
-91.0182476765303,6.790425459286281,-2.997734131405779,-74.6747831880538,-4.7121654197708,4.405441660155633,-62.373308686813516,-6.305854820716831,7.172237548080668,84.09312885511943,-115.95016563371664,43.8559644312914
-91.91798340136775,6.753604453882107,-2.758752016939276,-73.8284174916556,-4.89806251657543,5.976597982784476,-59.90312194898794,-0.4202230708280412,7.314188880705501,69.10144435292126,-97.43853258496031,39.64151459144358
-92.80958506478608,6.736499391804263,-2.5509234839783366,-73.14035084353907,-5.061250964385667,7.275117491583337,-57.93892217986654,1.4861669350942939,7.525159786703817,51.87492693030848,-72.63193454445286,34.322997740509784
-93.68532494118212,6.738193790327353,-2.3311087142146114,-72.64530009147818,-5.175061798266331,8.216562893929698,-56.42521422184893,-0.1231425442791686,7.893465353118661,32.50882302149603,-43.236690500376596,27.975584827935172
-94.53676715658456,6.760814424525743,-2.0661363294053174,-72.38019502405572,-5.2196230876981415,8.737154071935072,-55.21104703248419,-4.460148870030164,8.495525162451376,11.47809077692339,-11.817425531870269,20.769422427410582
-95.35611820947345,6.808926453255432,-1.73387270919965,-72.3758766327879,-5.1850696381204395,8.813730131727457,-54.07417922870508,-10.557674236185415,9.39189639685892,-10.247733255287653,18.43630858049668,13.083193296941664
-96.13743433849051,6.888287944738155,-1.3230948372649785,-72.64578642649778,-5.071984866562993,8.4797271492346,-52.76236146214633,-17.366481447787155,10.619750687877445,-31.143033141183402,44.15366869399141,5.59971049916357
-96.87749419948844,7.004177506194321,-0.8331786807148003,-73.17430093003505,-4.888756343323147,7.831204364943966,-51.052746020326296,-23.82632660303592,12.179691179391456,-49.17947875925858,62.41898706777109,-0.6838233288990588
-97.57634966809134,7.159625515466611,-0.27387867982095493,-73.90860607851461,-4.646608525523011,7.018218557211647,-48.82309246429529,-28.953806232693626,14.019528562203126,-62.06066923412752,71.48908925714113,-4.590361813910375
-98.23761486450717,7.353997529804109,0.3354045528770939,-74.75827655506203,-4.354168553869325,6.2202935849744465,-46.116077486911706,-31.983162773132108,16.024010341808417,-67.67004126586941,71.3714142786055,-5.061225802645652
-98.86842739429927,7.582467631862363,0.9680302537561083,-75.60548113444231,-4.014059182628902,5.609993099287228,-43.16641234079727,-32.56158936251641,18.02445410179717,-64.68476829393421,63.97922480619744,-1.5628997973682721
-99.47881548814024,7.836895264237028,1.5952185202319882,-76.32586460097808,-3.6236783994031923,5.314090549496263,-40.35887501619601,-30.947680855958527,19.840707360312805,-53.20160251173714,52.64092868548257,5.534687741389711
-100.08005344912654,8.108353662732966,2.1938959589755296,-76.81628482006619,-3.180760602716848,5.384863426611171,-38.101332105050176,-28.11640726729204,21.35489110908595,-35.13091010793446,40.96873243251862,14.793278066849364
-100.68160863045418,8.39097979640182,2.755820671844125,-77.02205124272434,-2.6919141494949246,5.792212991062762,-36.62986454076971,-25.6688730492397,22.592563405252132,-14.106334317836788,31.425053868130856,23.908610073403118
-101.28659879557415,8.686054861615691,3.295152579323142,-76.95473791269573,-2.1802414000019885,6.4404037618668255,-35.801395971196776,-25.496619975912914,23.763190866750527,5.220853338017781,24.201983384612088,30.297039439500963
-101.8863205716576,9.004646824673127,3.851182125044719,-76.69326470325073,-1.6876862586650185,7.203822010326763,-34.954893548137356,-29.24320022441149,25.21074567865448,18.39549752751041,17.068585806632832,31.883881681328063
-102.45517386381171,9.367180546856428,4.483844458624443,-76.36586780018634,-1.2694430133499859,7.968402107027085,-32.915417787431934,-37.705845970796894,27.26638878256104,22.506009429949962,6.525838162755802,27.78141897450857
-102.94780179781274,9.799140322895736,5.261827947119352,-76.11729555800656,-0.9809190907497843,8.662963110215294,-28.170863356906786,-50.40161513842363,30.054368052470853,17.12352174804527,-10.053221369377003,18.595397015596056
-103.30018046909314,10.323494660240451,6.24575264742696,-76.0712511078914,-0.8609908360324751,9.269259446913914,-19.194895672998246,-65.51788028628077,33.33155502025698,4.386964011742377,-32.39038955201446,6.280899345169993
-103.43568287826119,10.95173371367821,7.470754961616052,-76.30005421487365,-0.9172858170939261,9.809391708461586,-4.845740019878223,-80.30740747233806,36.42934726098145,-11.823698253047446,-56.69187252460462,-6.368898745417042
-103.27596816000542,11.676034721229009,8.932900699837758,-76.81076894089158,-1.1190980473032657,10.319382504257725,15.25370603978016,-91.76483349609255,38.3278290700898,-27.270304171135574,-76.96159756933446,-16.443649762303526
-102.75514679207562,12.464856690589386,10.582360019614361,-77.55096039701758,-1.4011727497613187,10.82270822312986,40.45834434225215,-97.31030925015799,37.84711681161959,-38.737574374911674,-87.46740468642113,-21.66210664972275
-101.83433555189328,13.263473320694276,12.324378753150881,-78.43042720360324,-1.6778290862796519,11.315303332787632,69.05926339141054,-95.2748225540976,33.9118051177894,-44.88158521434082,-84.96808940067089,-20.954328107395316
-100.51284890055517,13.999931859747617,14.027800507209857,-79.35028158490896,-1.8632624212346927,11.766455285961701,98.50901726536381,-85.13305217507227,25.83232221771609,-46.23692793705221,-69.72532944377211,-14.71782624800971
-98.83239336202335,14.595826725053866,15.540292309450642,-80.22927542440164,-1.8918028099518918,12.132544859247462,125.89270308592783,-67.51307415814613,13.539093947622726,-44.470704286861825,-45.189800322201805,-4.650957812241211
-96.87214436334953,14.980100040066997,16.708828522835198,-81.01962705094853,-1.7320564166461756,12.37605188094366,148.54010384295802,-44.003319205498556,-2.297152250489397,-41.360864270238025,-16.801527236546242,6.807704792461408
-94.73531313075466,15.102976513031408,17.402986704589715,-81.70962013243124,-1.391043877580935,12.481398632564566,164.61340959355692,-16.770032595532317,-20.313549263754087,-38.071923832991935,9.60228765841264,17.238491763826364
-92.53068829305286,14.946575949077458,17.53763188031082,-82.31553787633821,-0.9078516442140064,12.461209003105827,173.4911156930412,11.938007714592487,-38.69363490672352,-35.00941561572889,29.387549652820656,24.914520614816848
-90.35423750155178,14.529241903584797,17.091236291246545,-82.8685852384492,-0.3396891687794325,12.350538292075198,175.81985455498528,40.236058979646444,-55.556236976820955,-32.1270331783841,40.34912982178047,29.164965549116523
-88.27546972887626,13.902253246279134,16.116346660792374,-83.40231822864506,0.254635965935664,12.191592847274936,173.22381120002717,66.8502928084851,-69.38008783113798,-29.34950297218769,43.15551302552175,30.350418441748054
-86.33130836988366,13.139790003515195,14.739134634870936,-83.94377102970218,0.828647136429468,12.015492428340444,167.78668800990042,91.1249283649272,-79.31676174281998,-26.81226365358854,40.827059088965505,29.524860923229813
-84.52771981938037,12.324922373053687,13.145698258577145,-84.50895638481086,1.3560047335288279,11.82864027043583,161.48926963848317,112.86009168574705,-85.29000006576844,-24.818436398200717,37.48928946218798,27.953678380460747
-82.84725394531735,11.535268843929355,11.554607688616,-85.10204149368312,1.8312646000013677,11.608825762718348,155.77950983217158,132.09009963614272,-87.87538654468236,-23.62021516445072,36.9389855525696,26.678591376373543
-81.25958609613092,10.831625076423641,10.178526417436357,-85.71722399182936,2.2650593988855006,11.311945832294123,151.38078183950236,148.88982821933365,-88.03713463532263,-23.21783580853893,41.5299724659882,26.26890921520852
-79.7321567199598,10.25161615500293,9.181855275680464,-86.34235178500943,2.676466233753661,10.886448518316147,148.3362544808142,163.24464786182952,-86.82816403879733,-23.31297611254939,51.642880309262736,26.794565568685652
-78.238691607093,9.8088458326112,8.644524557726136,-86.96316088167328,3.0853044556089557,10.290520641150884,146.2036684827693,174.984572769235,-85.14008543431139,-23.421429985746148,65.78011392812212,27.961842081143015
-76.7643388350083,9.4966531494128,8.542392251007664,-87.56687410877427,3.5062385373643776,9.506669549481739,144.29536166434087,183.79470047813066,-83.55196528367142,-23.051328753348923,81.18557749286556,29.315172313812052
-75.30717391163182,9.294756646443078,8.751121274321001,-88.1442288088825,3.9455241585768612,8.549306108965228,141.8850533689705,189.3174180018578,-82.29112096036377,-21.8499880752303,94.77768639551346,30.42277750770193
-73.87676261792029,9.176805115992254,9.073764410096162,-88.68976409657736,4.400457400990842,7.463000389303259,138.33459328242498,191.32292546301215,-81.2917630430567,-19.675862175299205,104.10181065903389,30.999850241973405
-72.49112250947599,9.117046251823698,9.285325763468505,-89.20095298730733,4.861110881427747,6.311921484435464,133.1243098660114,189.87477257417677,-80.31279998954435,-16.599318837238165,108.00459568629324,30.9565911940788
-71.17358864684955,9.094857283065972,9.182966557893883,-89.6770821568801,5.313618762910307,5.1638165066810355,125.80972358839135,185.38639820678242,-79.05225600218566,-12.855395618225817,106.83844571651764,30.38109053751909
-69.95071993011905,9.09664728522536,8.629254070837916,-90.118567539148,5.74403185789182,4.073703830798346,115.95753832442304,178.5096908110385,-77.20686095547401,-8.773649127594533,102.18010891486209,29.47925891028128
-68.85167205318906,9.115462745954767,7.577854906558795,-90.52689867233505,6.14170482829246,3.072444882870002,103.11189501213971,169.90231825970218,-74.4723248785862,-4.707392178105645,96.21355184859169,28.497689525744978
-67.90876862811984,9.149265591908792,6.076190641534521,-90.90499010907999,6.501408874496532,2.1634168495500443,86.82350464789965,159.9989915743766,-70.51701396416544,-0.9795036072076888,91.02106251253015,27.652163717664422
-67.15856339606835,9.199108950396852,4.246632376945464,-91.25757058429164,6.823806984830563,1.3274832336137177,66.75850027328464,148.91978495068355,-64.96653121835251,2.1481271964151754,88.0189359951609,27.075801201679262
-66.64241795417719,9.268238398692816,2.2539442361158954,-91.59130962286584,7.114382037982625,0.5337142125926313,42.86546936611601,136.57752529145083,-57.42227655102791,4.48621678019421,87.68269256716295,26.791074014389864
-66.40534439745569,9.362543358679464,0.2692361309801168,-91.91453844881701,7.381246100405645,-0.24814369568294303,15.557609020090847,122.93574004388242,-47.52697133115687,5.920538683376003,89.58694701985887,26.70517754049781
-66.49173320285678,9.491941791840198,-1.5605769040810227,-92.23657948382713,7.632472322877621,-1.0373887144907759,-14.124445127759325,108.2930694876826,-35.08150435786139,6.412191593406971,92.68771389034525,26.628339534348317
-66.93703481866413,9.671509414982395,-3.1321654682754385,-92.56680568525631,7.873676693292321,-1.837004950999276,-44.40465917877367,93.4548160569972,-20.19833270926922,5.998386647627621,95.7198678548077,26.313699129559733
-67.75572333081668,9.920839081225962,-4.392096331935084,-92.91358463376882,8.106500737571324,-2.6341767864956243,-72.77469878451079,79.68922828968927,-3.450666541688848,4.794057788315247,97.57318638760344,25.513641052271105
-68.92770859644156,10.26049977648648,-5.331325426339145,-93.28324768866128,8.328396000102725,-3.4058763651313715,-96.17829487918,68.44188855443312,14.041305309555828,2.9923235861723443,97.54548321933109,24.04372341458459
-70.38717426910668,10.70554096610394,-5.971501802277064,-93.67922493915204,8.533740160434876,-4.127449447492539,-111.42571109347246,60.87389770353142,30.64529994935184,0.8579056115535149,95.43403706186245,21.84261347604061
-72.01881862345793,11.257419013522007,-6.348126128610133,-94.10154427724078,8.715924886927601,-4.781553927411467,-115.82421833985465,57.37208660550759,44.408986629908746,-1.296400700756055,91.48840864899383,19.013756484822654
-73.66589000903186,11.89694850612881,-6.495947779121929,-94.54696652603695,8.869750763035714,-5.364922975706655,-107.92182379477474,57.22910000259533,53.40423587177187,-3.1580409473378306,86.28558598891635,15.832823899456269
-75.1517722764246,12.581319266992754,-6.441087357809211,-95.00998752762723,8.993312142904779,-5.891065579861021,-88.17187489192085,58.679903951956206,56.166455199787436,-4.482255794023961,80.59601183972276,12.707138804362915
-76.31249387541084,13.247515694097572,-6.202144765676053,-95.48465015306974,9.088580810540869,-6.387972247641274,-59.26644003657354,59.38416609417182,52.120961370373415,-5.152682451636329,75.29250865846919,10.0814809563566
-77.03282475466038,13.822708222155118,-5.799208790165007,-95.9666026382147,9.160119664729846,-6.890997203774839,-25.90501757222188,57.282752602912,41.85786709749478,-5.195456017847205,71.321960844322,8.299995139582249
-77.27567261369893,14.239859826220227,-5.266027987939862,-96.45438243583996,9.211809926568197,-7.432259582305129,6.091999631304941,51.57882885746234,27.130995651761033,-4.715975211986494,69.72089473090836,7.454290637722314
-77.09489583353933,14.454631150413201,-4.658208090486047,-96.9488271092956,9.242158189456925,-8.029032463642329,31.16563095012551,43.44349729004672,10.529871542064381,-3.75870137282136,71.62445752027199,7.267589961930351
-76.62572270126273,14.458456443443973,-4.05097989107248,-97.44992721829438,9.239529701877945,-8.674333478160358,45.487205891947,36.01504835392781,-5.109657013449889,-2.128346450881078,78.20865562433372,7.074364609404546
-76.05369202104471,14.283088100185328,-3.5244103259620183,-97.95120623748494,9.17922844515706,-9.332834728149455,47.98214944096462,33.4585776215997,-17.381218991599162,0.7599937333753584,90.51707631739148,5.938506103844288
-75.57032499075169,13.994228513624018,-3.140258666569137,-98.43266209046163,9.02434631032986,-9.944101943229567,40.46694403245151,39.303942802425546,-24.848300387198016,5.923152401712902,109.15911996650024,2.9047021463195573
-75.3288562496197,13.675462699637261,-2.919933750382906,-98.85427826864654,8.731508871163472,-10.433329971595976,26.7887431469156,54.790653891927946,-27.28013016793356,14.686099710832503,133.95013661965058,-2.678553375479767
-75.41380637049714,13.40710317615397,-2.83427849535651,-99.15282428580998,8.261153568129204,-10.727577364948331,11.304942824735074,78.05220222008535,-25.541012294839934,28.38241737874394,163.64500903539079,-10.860683578649532
-75.8331369126864,13.24627436280089,-2.811812836134127,-99.24464680651344,7.590231750591896,-10.773421701750818,-2.655594610577613,104.48348631384867,-21.20991961059797,47.92795547033866,195.90120733942177,-20.917181979041253
-76.53302978220538,13.214039388674438,-2.763976962321392,-99.03598831999037,6.723849033080935,-10.550738312148027,-13.700388998441628,128.0480975586373,-16.073728863581856,73.36974703778093,227.50270586222865,-31.383265640356893
-77.42693659606941,13.293073578427547,-2.6178865177741524,-98.44005572798247,5.701909467093199,-10.078021843219261,-22.284264726287297,143.05736728995868,-11.643743776530863,103.55125754691221,254.76883095145791,-40.32156820069617
-78.42639411834035,13.43615945729834,-2.343545026680162,-97.39722041133614,4.597630168099413,-9.407460137779827,-29.748339373729532,145.9598967333812,-8.816578121545106,136.04553302575718,274.0393163955734,-45.778474492474835
-79.46284588110346,13.582417779296309,-1.9652810117352306,-95.89253375082833,3.5068188195746526,-8.611331170826308,-37.096907432006994,136.6329838745468,-7.769245106125949,167.4619185764137,282.1664640322627,-46.305346966690685
-80.49580051000473,13.675668993935064,-1.5545405560668022,-93.96447512631386,2.5296178120171673,-7.763481305979762,-44.2769642866959,118.5790272193794,-8.112755739851828,194.1119985787658,276.9806154142087,-41.37251635615473
-81.5094021253382,13.678817378831381,-1.2085542890393794,-91.7011933091976,1.7491662262739676,-6.9203941493855945,-50.354439207118496,97.66160746374315,-9.20848011098658,212.85548144042667,257.6780479133023,-31.527045109867412
-82.50343026913825,13.580184114227414,-1.0230599819814081,-89.22479109022575,1.2132251400649738,-6.106500181239832,-54.311103848001025,79.8319489918207,-10.468954395770265,221.84387080187554,225.06297355262086,-18.247771757027483
-83.48466222639544,13.391292252829452,-1.0669655168435312,-86.668421343099,0.9243637351249087,-5.308155532410249,-55.81172717563082,69.00264459248507,-11.508847756995477,220.9249032275141,181.60602348154697,-3.570774603983286
-84.46167738270185,13.1387663875287,-1.3646621038500202,-84.15301836129346,0.8417342197220141,-4.47939592250014,-55.4775320099284,65.98299035424192,-12.145007348940121,211.60409118477818,131.30782869185975,10.377907286321033
-85.44299157591674,12.854350719459994,-1.8891837711982586,-81.769734290833,0.8937632131512718,-3.5595160353884276,-54.605453376415106,68.65719115508541,-12.326100712867557,196.59786878320907,79.34004798642871,21.811837392790455
-86.43674771895847,12.566533440509426,-2.566993530692544,-79.57150032938446,0.9977722128928597,-2.4981282337418245,-54.56833865777496,73.11874652861395,-12.055653933434346,179.12622701079013,31.428772981875834,29.58825283671674
-87.45037259812105,12.295729784396713,-3.2930076952172698,-77.57398410205064,1.0807496899613105,-1.2793244807872624,-56.23551622186179,75.27581533101818,-11.335148526542714,162.16049700682925,-7.016787087601145,33.34584518990818
-88.489704842424,12.05329017423497,-3.952564230512918,-75.76365236745708,1.095586735612649,0.06452559388114132,-59.677880337453665,72.338696508932,-10.137204823794605,147.83661522662345,-31.9333179121301,33.472450339890074
-89.55798126761385,11.843309160210952,-4.44544487356047,-74.10929915902878,1.0287945678326946,1.4554033891904101,-64.24045329111303,63.67332906059063,-8.414410336410006,137.16584007187083,-41.5310834320975,30.923216607191875
-90.65523882731583,11.66557377749376,-4.706285200871923,-72.57343495007744,0.8984208334706386,2.788143764645108,-68.88040081737871,50.794731100429715,-6.142040498267831,130.06167970175912,-36.758221014763265,26.928157187670546
-91.77836079733258,11.518054272617402,-4.716456280918347,-71.12106061448692,0.7437337603533024,3.9578819033164194,-72.5781537626206,36.6283064592741,-3.377174259720948,125.61310086979594,-21.04555204575819,22.65244665862921
-92.92163839855507,11.39797336612703,-4.5048743819242745,-69.72494381771179,0.6103862655908955,4.886521045694673,-74.65580838443461,24.416226764461683,-0.3032683400142372,122.48239240042813,0.630656367412309,18.898819531449526
-94.07759429116976,11.301405155469732,-4.138394148273143,-68.36788669032686,0.5356183799545337,5.5396650135961245,-74.91726411341861,16.70857740918885,2.7694690065708105,119.28364173322522,23.03433739928642,15.940962344467554
-95.23788401733083,11.222167636387592,-3.705219809286379,-67.0431664739571,0.5375229807819326,5.929878478557329,-73.602842470853,14.760441244308108,5.461282627170248,114.853086249427,41.8716576632843,13.534418413224145
-96.39419482349196,11.15112896482275,-3.29612059923464,-65.7542891676344,0.6108677115140958,6.107234357926732,-71.2150010670349,18.429968292235074,7.424416879918634,108.39519664092752,54.58208025628462,11.091553114523789
-97.5390687742786,11.076796163517063,-2.987875039212069,-64.5147077171943,0.7300155569147868,6.1418860590728865,-68.30891764506337,26.45952889110316,8.44998344551625,99.50366440170745,60.57747456779411,7.957864395912812
-98.66646826965298,10.987362695220776,-2.8318024581593413,-63.34761446420527,0.8576463601152099,6.104940574049223,-65.33247564875184,36.930260171835926,8.53493052721855,88.05701202829466,60.96835278337371,3.698853084744889
-99.77181121435626,10.873658403790495,-2.848383599908188,-62.28557814282738,0.9566351963847844,6.053277826518151,-62.55343185824479,47.717053305505075,7.884491030545343,74.0394479552649,57.94211742234008,-1.6908884793777879
-100.85130668821614,10.732039162920387,-3.0275483276217043,-61.36966514244338,1.0018432188966515,6.021834507656019,-60.06388079071432,56.85452347260868,6.856357490494256,57.3843404351857,54.00916301543174,-7.7118206673435825
-101.90071615084831,10.566286464154757,-3.3334374617389235,-60.6475888387025,0.9888333509191749,6.0241174348552295,-57.828018033294676,62.789985351242066,5.872921585168098,37.92578775548505,51.31817026281622,-13.425949463143638
-102.91396699419914,10.38792561508205,-3.7121940097429595,-60.17026778490714,0.9375309054370369,6.05912615096377,-55.73841941289081,64.53579403738213,5.330618018812719,15.496666813586003,51.18334500976306,-17.635305441098275
-103.8822090361787,10.214806717987566,-4.1013901371475505,-59.98612791467176,0.8902478776424909,6.1210605456920675,-53.660474692396214,61.74423221124888,5.526339428746188,-9.839955070064942,53.89448854617274,-19.1236196965818
-104.79389533662284,10.068184168441046,-4.439861589855734,-60.132881520858135,0.9047891782187318,6.207575893921629,-51.46306146845575,54.72008966071894,6.609466303597072,-37.48235349548854,58.818792456216634,-16.915231717518132
-105.63626025968918,9.968835635244432,-4.676848472475484,-60.62746602031204,1.044171817456802,6.32310553394902,-49.042855391083464,44.37169993602835,8.560244460973298,-65.9949456560266,64.74416351456509,-10.518424511860662
-106.39811958035519,9.932989345558294,-4.779346378227301,-61.45608054354884,1.364704565461287,6.475805545827565,-46.34685792019361,32.08992077350892,11.192962325272223,-92.949150677973,70.34545126449788,-0.12893753685028136
-107.07330092993678,9.96897053124468,-4.7365075341269725,-62.56733356931872,1.9039966974717668,6.669513543143995,-43.391131538596625,19.541178055481772,14.183533056965402,-115.04344480175965,74.59597981702339,13.238353716729918
-107.66350116911799,10.075472729078575,-4.560011570668334,-63.87184696561154,2.6702782680931745,6.894827223544639,-40.2683320211144,8.372898953563237,17.1221232360477,-128.61598343093326,76.94109061368525,27.743224050822892
-108.17927803977601,10.242130203991026,-4.279800631130502,-65.25076390972967,3.6345446831851422,7.124763732497855,-37.131053882368434,-0.1368225923653572,19.590432148312,-130.5450044720139,77.13360849473078,40.9058377015643
-108.63829374720622,10.452594733843098,-3.9355054963449208,-66.57331154224782,4.727483435865016,7.319387106509934,-34.135260150653245,-5.410533465510906,21.258023826369026,-119.33417643021434,74.80385418222902,50.02575970679158
-109.06064538778814,10.689667294532889,-3.5650585572796842,-67.72033202627605,5.84347248250284,7.440033991557428,-31.337671577017723,-7.782230003545595,21.980862058682444,-95.98976924890046,69.03515763577524,52.80214207882053
-109.4619159900591,10.94132728474669,-3.193030282404658,-68.60773359234719,6.853458904979152,7.468463713351668,-28.56624433081881,-8.492650683133046,21.87044715849388,-64.24665120053473,58.32229575249171,48.01682470977978
-109.84532337232888,11.205925903742882,-2.821787625133024,-69.20271529469426,7.626661247478223,7.422042014735053,-25.31126190824856,-9.416058042704025,21.293938164227722,-29.888650156223825,41.18457369129032,36.044561092344026
-110.1948934226239,11.49463048227716,-2.4283656422123467,-69.52741527705021,8.05788149464525,7.356024414893493,-20.697916931372262,-12.54460297333616,20.778444516710902,0.7056463947232983,17.324730060571927,18.94271541679286
-110.47174843662663,11.829679005516779,-1.96879199482448,-69.64887503694887,8.093905602048048,7.349297659230462,-13.587845813753427,-19.359761747367298,20.83051701304369,22.282616616480112,-11.251580010040728,0.01427896946931657
-110.61523014421907,12.238162404404978,-1.3896209100832753,-69.65896596213223,7.750878150187459,7.4780311302570635,-2.817937116371975,-30.297071825379078,21.72554658699324,32.04906576904186,-39.92112001433109,-17.024656234642183
-110.54967127538994,12.742550730917731,-0.6441752162923677,-69.6509640992968,7.116022755923945,7.787779766095157,12.463823169640184,-44.500247212743545,23.340758129633812,30.15434217111324,-62.404357783276076,-28.976185555247376
-110.19634877685179,13.350423643940012,0.29066794434567633,-69.69973882993284,6.331420367066988,8.275387524834322,32.44794229188608,-59.954603601192375,25.091462295840763,19.243185740609057,-72.84491829102868,-33.90228900936432
-109.48875546461456,14.04637095378556,1.4016675050416723,-69.85051910656017,5.563122049521336,8.887868630551534,56.41012823662559,-73.93992693588831,25.999407129945524,3.363989945058498,-68.16090618126212,-31.512503037812415
-108.38813026079235,14.788661207765362,2.6338532290689525,-70.11798558029224,4.963672169703208,9.53870936169884,82.66917744287323,-83.63225425540857,24.889394981721132,-13.323006974955243,-49.49063900514713,-23.149293520939544
-106.89555661787622,15.512186347275891,3.8941342901592506,-70.49389548720353,4.638548503945903,10.135229587142007,108.82099330189976,-86.66794073755246,20.67837553817299,-27.583028120849683,-21.954344349674308,-11.382013884524614
-105.05722735846959,16.137639260756654,5.063319287890188,-70.9586301257276,4.626167025237452,10.606203561755414,132.2158779958199,-81.53615548559806,12.688319339150322,-37.5670471504627,7.146514256387806,0.7303125635854768
-102.9608111401749,16.585197947710714,6.014317834458296,-71.49139137989947,4.896983232817585,10.919096659302774,150.547616787617,-67.73786552572047,0.8901506074826072,-42.69779958464379,30.8578601561617,10.533399104071503
-100.72295611681726,16.789608585461938,6.633324978533585,-72.07585028523971,5.371028505168425,11.081339062706478,162.3750449128443,-45.73320656578263,-14.008505697785022,-43.30858603617111,44.8227878189595,16.519044929000785
-98.47023585154652,16.712945794388432,6.840426476680745,-72.70141482110931,5.947120565155646,11.127458307624048,167.41914284242245,-16.76659876332116,-30.676218277107,-40.3617958802415,48.46525421478898,18.609594510155326
-96.3176897689121,16.35178923577742,6.60595600996834,-73.36243103766388,6.533461304266444,11.099704166982391,166.55146231772875,17.344579658728925,-47.44662631051002,-35.28136890328535,44.773090274300706,17.89750698195919
-94.35005026120709,15.737051251835416,5.958968129696393,-74.05732909387872,7.069938253245861,11.031205081289327,161.48587405884876,54.42632488323723,-62.691876063876315,-29.71577823536838,38.917206919455865,16.02830332788099
-92.61030111974446,14.926758473892436,4.9848822484960245,-74.7879963685059,7.5366847905580245,10.937594130917674,154.28070723505425,92.1690945755054,-75.16194747837196,-25.138127475229904,36.358352305278245,14.539190900342069
-91.09817041433858,13.993995515684427,3.811434673894129,-75.55848385292265,7.948995657644187,10.817872817123764,146.8146890686251,128.3452228005066,-84.19453988452013,-22.424170558153598,41.1161877705501,14.39270884567721
-89.7781406235162,13.013301600698796,2.5855147793611435,-76.3724672325272,8.3430195644452,10.661046021365113,140.39542366144136,161.0103724876601,-89.75424586432447,-21.63539524593475,54.65993531691798,15.804696515259247
-88.59385059926097,12.048802182822454,1.4469808984937313,-77.22999389799395,8.758510042246714,10.453418441721736,135.5963544201648,188.67959276218062,-92.31702795848658,-22.114395588716253,75.65050568841336,18.35315862869181
-87.48442404467899,11.146441057706934,0.507090647723355,-78.12476530851838,9.224393923913327,10.18250482941204,132.321109741109,210.44627516436177,-92.65736587721118,-22.821906760577964,100.52592840336449,21.273472597299794
-86.39851855058171,10.331305280628476,-0.16279607825140308,-79.04308628646407,9.750781968879078,9.836483100637757,130.0161128376035,226.00199613117735,-91.61004878519385,-22.749282289104794,124.68142066075966,23.800605491784857
-85.30330807738665,9.609662303184221,-0.5314359017957483,-79.96499053180189,10.328309324988503,9.401470743519504,127.92688891112434,235.55479556056926,-89.87336557313104,-21.248369243045282,143.83975254658083,25.428875430612262
-84.18749134686952,8.974270412305062,-0.6007918299629171,-80.86736285230803,10.933331964384902,8.86048162010742,125.3111178677253,239.69561246817142,-87.90226066591406,-18.18357801833402,155.19120494534815,26.017083841968326
-83.05911484958902,8.410958947489783,-0.3976584667166312,-81.72830950708594,11.536149814629523,8.19627941286035,121.55802085973585,239.27179402822298,-85.90610130156594,-13.892152493476743,157.99753527797643,25.7397943008426
-81.94008990048998,7.904493036215797,0.032322578168902716,-82.5316283290214,12.109217184984228,7.39669912148042,116.214588119507,235.28109208961632,-83.92347027526182,-9.009971652858935,153.54629042803316,24.94152648437652
-80.85961747133604,7.4423221435113,0.6278561171691024,-83.27008399397171,12.63300844113893,6.458842258967463,108.96055919100431,228.73486866207128,-81.91560488473912,-4.250230360972479,144.53896720909103,23.97115103672877
-79.84841273726107,7.01578925600466,1.3145882487209575,-83.94642086372104,13.098427670802533,5.389892289270584,99.57595521767654,220.45148230133296,-79.82186829236008,-0.20942534856770795,134.15237635161478,23.060230348911126
-78.9348867821625,6.619405591731703,2.0096037724525457,-84.57168871796557,13.505925544230964,4.20531405952826,87.93748494822145,210.82562424380822,-77.55411306683581,2.7557692040709822,125.09290948584032,22.276542349047492
-78.14352816784881,6.249455029681822,2.628894266584477,-85.16136383464033,13.862412906639875,2.9267336701400586,74.06033756030524,199.67296503752726,-74.9462633349021,4.565673606967454,118.93576618851425,21.5496824269045
-77.49485224268751,5.903205327193468,3.0973025559627905,-85.73057499487568,14.177423731722675,1.5809381308395416,58.167730311034575,186.25374784612475,-71.70309379601979,5.375495182579447,115.91225800832281,20.740603149100657
-77.00575396005729,5.5794240229140915,3.359482481768376,-86.29011077282297,14.459804061986587,0.19962277287739472,40.75182940895268,169.5458855201886,-67.39568772501791,5.477264015324662,115.13784516736357,19.717637263150486
-76.68916114769004,5.280050974608401,3.38957159417855,-86.84457260332998,14.715685690742026,-1.1815506521615813,22.59123226684042,148.75119328419177,-61.52954448756211,5.1811318225074405,115.13323341072382,18.408714723875555
-76.55247636511879,5.012122156744598,3.1963616404535147,-87.39313168208395,14.947898562526522,-2.525688791433323,4.703308510423868,123.88513686099705,-53.68256285140361,4.716433354670969,114.42352791179387,16.816348334747573
-76.59507471355543,4.78861817788304,2.8205821129473385,-87.93225956458372,15.15650890720996,-3.7990614596168673,-11.774599725058655,96.19712955723705,-43.683421437842995,4.184884883602396,112.01339183542828,15.00021458717752
-76.80574692268796,4.626988722272619,2.3226394231016982,-88.45907272317062,15.33996869325571,-4.975897448913784,-25.763376216956043,68.18632811986366,-31.782002023341327,3.5746878750467403,107.6120466737907,13.044650064742992
-77.16123445298936,4.544767721191107,1.76309562266394,-88.97387179063487,15.496406823378011,-6.041986019989292,-36.44398606609795,43.126424205361154,-18.75632344381497,2.817745930574702,101.58798846472762,11.030671448208965
-77.62680242806188,4.552849406485541,1.1827144230329183,-89.48098237962282,15.624750180511265,-6.995947576570488,-43.42289951264109,24.21520052536056,-5.903101501415393,1.8587277133310551,94.728940877157,9.025513128063327
-78.15917163653626,4.648262104238926,0.5908653246972468,-89.98778555572763,15.725498531585151,-7.847908768929348,-46.794733576121715,13.623305955320593,5.125365712576768,0.7069609886312151,87.9317820122286,7.091261156604004
-78.71130836477127,4.809085842138249,-0.031716239429539606,-90.50251754292428,15.801039833323308,-8.616177811824569,-47.06435711929547,11.771552140252457,12.638522985440973,-0.5469267102023145,81.93855919065356,5.301820093498448
-79.23792500246498,4.994052055798141,-0.7162994839540069,-91.03179635595377,15.855413917241366,-9.323071410261633,-44.94659439621709,17.110778959924254,15.32418498710813,-1.7541886896186423,77.19076447713948,3.750419530725688
-79.70040577454849,5.148230387903372,-1.482832666805784,-91.57882674262187,15.893475556373529,-9.991195904272502,-41.11682536766604,26.529873067535696,12.655786240228863,-2.760333815116896,73.82614832478197,2.533646014468964
-80.07030330636985,5.214325688287144,-2.320640661559299,-92.1428839203208,15.91950388558352,-10.641257343806451,-36.01188183933812,36.312019261396514,5.1560921473016155,-3.459609900773357,71.79952661174002,1.7105064620770918
-80.33127317274406,5.14705196432818,-3.1827269921486465,-92.7200823625647,15.935437040782716,-11.291900913953654,-29.766180076979015,43.362807353341324,-5.59484522318475,-3.8139521499760662,71.06532783634383,1.2489341092544306
-80.47985674485392,4.9265442181283605,-3.9978706645470403,-93.30476192149888,15.939050025633993,-11.96121938478721,-22.316985552890078,46.311005510620184,-17.251839056641373,-3.8051724572180348,71.72163407401999,0.9811831205985768
-80.52552099137027,4.566460416561215,-4.696982149084905,-93.89031496499605,15.922522349937365,-12.668648362120543,-13.638361249628238,46.06099439816636,-27.247187566867286,-3.31435525322424,74.01208594357604,0.5917737097436386
-80.48983383139118,4.11360304493844,-5.243041323038815,-94.46822538152965,15.871923504365867,-13.435422374284151,-3.993574218319271,45.46510686672355,-33.4381837918232,-1.9615343530509146,78.14225091704223,-0.3435769673809851
-80.40410548303582,3.638298683882609,-5.650830313177491,-95.02470191274347,15.768102835756649,-14.282067739354023,5.929284772285903,48.03068084312311,-34.65255298667102,1.0187275132702134,83.97950341290588,-2.2650360487382346
-80.30498027985081,3.217669524240723,-5.98612927347727,-95.53551174596782,15.589234351854868,-15.222719782920425,15.069847162990428,56.04222581054556,-30.945650234806106,6.773237999485133,90.80580805309451,-5.501442756534433
-80.22857856716432,2.916335859711798,-6.34321824173798,-95.96102674333837,15.314843934661896,-16.25797682072485,22.188475865930616,69.00058108196211,-23.493841868045024,16.63688649799648,97.30401931908331,-10.14430988417568
-80.20517704133538,2.7701356505303254,-6.809586986885387,-96.24435643963427,14.930650767574859,-17.369552996847908,26.08285906999662,83.34280939849288,-14.186602362034156,31.76040800237912,101.84628867994067,-15.960611248020047
-80.2568044505559,2.7777100248209923,-7.432237877998256,-96.31506535193661,14.43315438971539,-18.51997909465489,25.74162583000841,93.71966032558312,-5.066437208344666,52.65018234138771,102.98459080758641,-22.375704267501625
-80.39874158929138,2.902469953008213,-8.1988619564559,-96.09918429972689,13.83272480192745,-19.658553454257277,20.462630167481212,95.17800675660503,2.21395771574326,78.7704405022004,99.92996911255025,-28.54621426810086
-80.64335861533233,3.0842300222741055,-9.041082118713502,-95.53365489182288,13.154069397566566,-20.731613422839583,10.053565374302499,85.17892356086223,6.767802572996537,108.37209435403595,92.80683115434097,-33.52187160296645
-81.00281653155612,3.2566631100167527,-9.85855587548241,-94.58117004550844,12.433402176239497,-21.69282393483602,-4.836934735294338,64.6517950363355,8.575092211117802,138.6631451082362,82.56682616161154,-36.46307420471652
-81.48765744855419,3.364804147265692,-10.554636833320233,-93.24068509081204,11.712443869021328,-22.508964857046486,-22.45180110478989,37.80821096822851,8.274380968665302,166.32193738424147,70.58173361059512,-36.848839059034376
-82.10135448008988,3.3770342889608473,-11.069441782253813,-91.55010034314768,11.030393899342398,-23.158827372071983,-40.10001589109819,10.811445568286342,6.749605814336642,188.21997276749207,58.06395125917929,-34.60241325160392
-82.83442369579537,3.288435085048286,-11.396999940480278,-89.58024825961974,10.415875653908449,-23.62632422673593,-54.93243429233122,-10.329476048986464,4.739977978138866,202.1351001373934,45.57239453104545,-30.088490375443136
-83.66278336284194,3.11599798722341,-11.579823550922011,-87.42215250776457,9.881145529685984,-23.89204360752948,-64.96005828818146,-21.912824229767903,2.664172448289134,207.23522759656697,32.85984530780899,-23.981475188787442
-84.55251551851653,2.889055856214308,-11.683860192541456,-85.17138084812322,9.420347288727482,-23.92853138069534,-69.71452144255144,-23.833473981377637,0.6739272152761331,204.19363157341783,19.137842380994414,-17.058257743071028
-85.46895395810327,2.639190219647138,-11.764830681977749,-82.91365401935546,9.012397337586924,-23.702916480020214,-70.21432244867367,-19.46549191604597,-1.189310479999542,194.92175703023673,3.622749208463514,-10.003531277676574
-86.38535130390522,2.3928547633019814,-11.83992647825986,-80.7148696384542,8.627618057744282,-23.186889425009266,-68.33685857208842,-14.264606148830698,-2.862430697175806,182.0293031957434,-13.887482015896065,-3.298227787454772
-87.2869551412128,2.168054891654155,-11.876045707714237,-78.61695556919605,8.236040318335688,-22.37024199121701,-65.96590859343175,-13.699280973335775,-4.203610256131934,168.1949561735808,-32.6854140180423,2.792104762388882
-88.16923917855426,1.9746304614085948,-11.798880088264227,-76.63921749211747,7.814816049731513,-21.272010999162106,-64.31113591724267,-21.302048872134037,-5.0092362816979445,155.61867476969127,-51.25711155752774,8.159091929773004
-89.03211977861224,1.8165726861726423,-11.519047936081472,-74.7836219616439,7.352573562204957,-19.943850643421484,-63.639231364216,-37.53729835680413,-5.087060077399201,145.65846303663278,-67.77532205347623,12.7693821074618
-89.87357790417207,1.694585618896425,-10.965161039704762,-73.04190055142742,6.8496455314968845,-18.463350251353503,-63.43001590896163,-59.814514647826684,-4.350580102061938,138.69096229362557,-80.7413768826996,16.594815050083586
-90.6857797863231,1.607692148607792,-10.11157418554296,-71.4024063308678,6.314519207037286,-16.919082878014652,-62.798106395480104,-83.51072172333184,-2.8857715118191316,134.19596266761826,-89.47591287814896,19.576835731917345
-91.45513339013539,1.5536689617212474,-8.991241503218808,-69.85521958785722,5.758136526206526,-15.392283782835083,-60.95748338978101,-103.53150606232131,-0.9521213074953616,131.03065847063098,-94.2619569411772,21.63775419485747
-92.1657472779884,1.5288901941254678,-7.690198576746101,-68.39491297252735,5.18837558144081,-13.940989249890652,-57.54721893444669,-115.83409611599416,1.0864209005869534,127.80588659950088,-96.12676001864563,22.736851069605013
-92.80440024433847,1.5283591360365139,-6.326922677777312,-67.02131909213229,4.6069056627988285,-12.591178172844456,-52.735528964472664,-118.44061985886052,2.8708088603936495,123.23277859942445,-96.39315471619365,22.94671500726737
-93.36485382000478,1.546335318393126,-5.024437403992989,-65.73925042220705,4.009656971621785,-11.336833738212583,-47.11807564060129,-111.7100194291365,4.151697708657691,116.33962628108642,-96.19218403542308,22.505199634417195
-93.84999559378579,1.5773980249440434,-3.88416767633161,-64.55822354098059,3.390732287408387,-10.148040208744693,-41.491085250717305,-97.90886563051086,4.851293281992052,106.53359258252995,-96.11313262223797,21.803230123041597
-94.27133816273872,1.6174326576669207,-2.9685676518318775,-63.49289062625075,2.7482277383619467,-8.98412657622822,-36.60161826854131,-80.33052954278347,5.062639180115253,93.5465047683142,-96.08919882540441,21.297887569848694
-94.64631054452096,1.6640578804891566,-2.295759661423883,-62.56428003629453,2.089592170264216,-7.807857967471026,-32.96082872509479,-62.30843630439142,4.990365125052291,77.33137326557029,-95.53456920858683,21.37195703444226
-94.99433369100265,1.7163451637981013,-1.8453501661326488,-61.80130368827255,1.4341156511545297,-6.5967891328179675,-30.762706093485928,-46.43869835054451,4.859362730201478,57.97837341571652,-93.68488515897768,22.1826265782316
-95.33283579119335,1.77408903200307,-1.571523029222079,-61.24146525042094,0.8109277569190447,-5.348969982294573,-29.9015925747768,-34.19691050983594,4.830113361492288,35.70013038051929,-90.03480434092187,23.5499449535862
-95.67418466832073,1.8371254337060356,-1.4182458233236366,-60.929447775351335,0.2522927197386858,-4.081928184999878,-30.050885130818603,-25.967030359962582,4.954341119142003,10.911108910688856,-84.72776971850325,24.928262766135056
-96.02409965022822,1.9051357967329001,-1.3320382454831003,-60.912423452148865,-0.21638593471878262,-2.825815127474854,-30.761991412838633,-21.366131992724817,5.184144129781651,-15.605718910226074,-78.75493557848077,25.482532568939508
-96.38162137176768,1.9780607184905077,-1.2696297247010788,-61.231610693739185,-0.5870740719119366,-1.6132596153938188,-31.555806108678564,-19.684402399639247,5.422807902288176,-42.50313774840741,-73.87102515299809,24.26606595361417
-96.7403347328457,2.056865151275016,-1.2000407422461836,-61.910761412371315,-0.8766998947605259,-0.46930295262682264,-31.99389848213117,-20.26498944129906,5.58875671762885,-67.75455200508331,-72.22020185792732,20.472199156890305
-97.09033832356917,2.1441546378377154,-1.1023767609158712,-62.943663186321196,-1.1287466855263035,0.5954778733549162,-31.726006853946206,-22.70535643823033,5.662218446958038,-88.74076955851065,-75.7509998530052,13.709606519460113
-97.42041732364919,2.2441625428569094,-0.9615248257553599,-64.28399139701973,-1.407091031846159,1.586700266950725,-30.51492365891837,-26.847152441032158,5.6954771056904505,-102.61026173021556,-85.55871686364009,4.231797502426841
-97.71996021783025,2.3619048709341537,-0.7639388689433702,-65.84143102901064,-1.7823539870711758,2.5222938952414573,-28.242894222018993,-32.60743746263289,5.785878195627875,-106.89150182788012,-101.32182982060189,-6.956037220865751
-97.98032008689214,2.501710762533488,-0.4950041438220638,-67.48736054922523,-2.313284672038329,3.423920822164696,-24.905852244844105,-39.76187685766632,6.027428189600856,-100.22513188683644,-120.99023223208773,-18.17586600579379
-98.19551137642502,2.665700367773946,-0.13848154345731745,-69.07122930958025,-3.0276376149305726,4.305735251054877,-20.60314976989622,-47.80111055442718,6.464617261450071,-82.9874891373602,-140.83405878570892,-27.367830382468288
-98.3622996281912,2.8529305476388727,0.32231636026318133,-70.4453864824253,-3.908069549764855,5.163519560048385,-15.530412429010298,-55.94464567256866,7.070411827381848,-57.5539760201051,-155.91369705986716,-32.561722338626154
-98.47983563923005,3.0597803947444775,0.9023710433196976,-71.49271317654852,-4.8882270448653475,5.968082089117132,-9.977491852305366,-63.32880372802587,7.761742704438426,-28.035067055104758,-161.01735744076706,-32.42319720728923
-98.54897725931885,3.2817317665553474,1.6124732139902411,-72.14959559954899,-5.862056785583459,6.666707459078806,-4.320510979467696,-69.3120226162649,8.451687683829403,0.5258437506038739,-152.0355290632155,-26.701776025271037
-98.57134856813003,3.516146612125969,2.45664114823086,-72.41767183408135,-6.705626890680655,7.194275704306445,1.0137782310168613,-73.78726954994924,9.120880947876731,23.324881193695163,-127.49996417484483,-16.398382426037553
-98.54809091832117,3.7651587949862932,3.4293635088569623,-72.36118424500587,-7.306458360046162,7.491670414123977,5.6299798846812,-77.37530677278502,9.87649856083133,36.99339735341951,-89.7254091923622,-3.5624049392510613
-98.47827484537659,4.037584552931739,4.512729653013052,-72.09120755575475,-7.5921911313757855,7.525555428920585,9.28832179633761,-81.39765370807638,10.963312750455101,40.38150553067281,-44.92101874483511,9.22254663925516
-98.3571119285518,4.3489029756643935,5.674110470388062,-71.74167574576418,-7.54976498408726,7.302629424268927,12.03307280539154,-87.58496733717064,12.705824252459225,34.632191529961844,-1.943720870686456,19.49874684555661
-98.17435983223942,4.718820791279685,6.865785267617048,-71.4437789728579,-7.2286994127278525,6.873111482481399,14.267544747262235,-97.56428371922388,15.38810962545723,22.559418622960425,30.07539249033065,25.5552785542874
-97.9135139608789,5.16659869040471,8.028314570571688,-71.30471024925784,-6.7270181233724635,6.321688686121107,16.72835436273986,-112.26606025392039,19.10513589759174,7.6161437470039175,44.42990505834213,26.84811541461645
-97.5524062759877,5.705035983340181,9.099027860181103,-71.39451264978668,-6.164341758950579,5.74898048258192,20.343273314097758,-131.43623766557758,23.637293212797427,-7.140946150360672,38.73576457778622,24.086591902962123
-97.06563110461767,6.334602615408501,10.025323996083127,-71.74196696766153,-5.65117686987034,5.25089308683372,25.995015516783987,-153.40817923235355,28.401517214045263,-19.724774227365963,15.215212175188409,18.93183068171055
-96.42880575620858,7.039450707910009,10.779663035128142,-72.33813654530618,-5.264180357313763,4.903761394572907,34.24515100408317,-175.22228094116295,32.513761819796116,-29.352244513015876,-20.471895517808584,13.411840536873546
-95.62412681411635,7.786756926309268,11.370237645357616,-73.14500346245751,-5.033919382639273,4.758886005561134,45.09580441332704,-193.09818621584984,34.962276940020374,-36.12647405860043,-60.97550846902938,9.28981106032328
-94.64613358767326,8.530049332932315,11.840494113917494,-74.10654169961026,-4.946484913478083,4.844119880521019,57.87378760785115,-203.16221476513138,34.85019463057721,-40.543551287220446,-98.88686801069817,7.606964351655838
-93.50623992965156,9.21608704191198,12.253920270938373,-75.16000584969338,-4.955903562381938,5.1667779754061725,71.29238057217256,-202.24722825723535,31.63672386372634,-43.092362444170284,-128.03313358670272,8.50809201088063
-92.23466003593805,9.793827875684201,12.667394667984862,-76.24569081293905,-5.001952349612913,5.713098195819205,83.68351999842312,-188.57356433389927,25.302323793273654,-44.06727140757456,-144.36883967767406,11.35344045782542
-90.87890149397316,10.223357955845387,13.10328887300043,-77.31393256909742,-5.027654777368798,6.443693100054612,93.33575610984676,-162.18177955711698,16.38604594797433,-43.57768762576747,-146.35777817064007,15.045425147515108
-89.49885928808654,10.482583040513097,13.532986529778807,-78.32880391945665,-4.991946352336806,7.289073187032356,98.8496665187007,-125.05732867216837,5.882259672062796,-41.67144293573608,-134.80553789031416,18.438463545162953
-88.1594212087626,10.570032977638125,13.880485956013324,-79.26865925942055,-4.875244131294222,8.151125618322602,99.42155100044809,-80.93232120581152,-4.976049325145944,-38.46676797673422,-112.28352432799882,20.683829805674442
-86.92213945237587,10.503149901230213,14.046090872560603,-80.12414802346649,-4.678199283323763,8.914007147768302,94.9775741979884,-34.782004817381136,-14.988427863639377,-34.20859383384642,-82.395797944284,21.40843686168625
-85.8377885311288,10.312633680721948,13.941381268997652,-80.8945592368334,-4.415848276039666,9.46317919552163,86.11637208250104,7.935844246630578,-23.234708795903934,-29.228964162511385,-49.10522398708851,20.70718731146598
-84.94143605325624,10.034487732639771,13.521981495634689,-81.58353399360921,-4.110130290014657,9.70754963383501,73.8784356661424,42.21918480695187,-29.224860706338045,-23.85560267374124,-16.230147710272732,18.9963992127327
-84.25099350912326,9.702047687319453,12.805778285227149,-82.19527471600688,-3.7833394065553474,9.598560779118372,59.427331385038585,64.49023383943349,-32.910474380304564,-18.333984697371328,12.878146188546514,16.807295808586233
-83.76922513765724,9.340240181235172,11.870103316391457,-82.73223245444008,-3.4539819314874403,9.141201877419515,43.7686139754151,73.36516350781741,-34.57197415725049,-12.80766696513183,35.5374851761419,14.598736629321781
-83.48817419416784,8.963507212385208,10.82930699740229,-83.19479056687007,-3.1352659883099547,8.394279590381622,27.61209084457058,69.99346136445322,-34.64376805671804,-7.363114404395719,49.89715241498675,12.646596653529535
-83.39428340330099,8.577450791071616,9.801062463746824,-83.58278840238953,-2.835524730080723,7.460040452624446,11.410778103884628,57.82764195915197,-33.55663478757371,-2.1095641550448923,55.095218190512625,11.029035156271503
-83.47241681144965,8.182877011441446,8.873295233127628,-83.89808903924727,-2.5595056747153713,6.465799289737964,-4.473344818386735,41.82086782417005,-31.65332366229063,2.7547754542881817,51.36324278250402,9.686201676646395
-83.70758304217459,7.7802102855711235,8.082855679598886,-84.1470661777425,-2.3096019042517115,5.541960127499129,-19.58273240418177,27.20791084379593,-29.184945105193997,6.931664499584613,39.99308684987195,8.509245635132457
-84.08418339036383,7.372508734968486,7.412473878607377,-84.34199754266454,-2.086522445749971,4.801220614634486,-33.264736369170265,18.175995601943946,-26.353048345714182,10.07730859950314,23.126656762516028,7.415840357811615
-84.58364448148082,6.966298579530792,6.805938113329169,-84.50081050522755,-1.889350401812873,4.322813632734604,-44.71675886430864,16.80121189298494,-23.3477339006001,11.898669135245816,3.4077941049474143,6.388990188667014
-85.18193835508872,6.570588935238026,6.195195010276622,-84.64520427612352,-1.7152599038435297,4.143897230739642,-53.16114353721302,22.564253512037677,-20.34705391317356,12.252267406118374,-16.421911096425948,5.4775626107575235
-85.84852079234989,6.195185119448581,5.529287974342321,-84.79765676745053,-1.5593004285806424,4.258395766807201,-58.07495200185847,32.592132746980255,-17.473219784367195,11.211224531529325,-33.904923769401144,4.771007620016318
-86.54765438194345,5.849508485479156,4.7949019881124695,-84.97808734146135,-1.4146218652442073,4.62224451942884,-59.37574238582291,42.55963727414818,-14.730167973525337,9.078939324491936,-47.1693016869441,4.3640561873327695
-87.24214461652397,5.542597623551055,4.021749974822836,-85.20096861571739,-1.27334653969018,5.163247486765648,-57.48431976290586,47.981066986220085,-11.963607254051748,6.3408653757646505,-55.111602930393666,4.322646560722555
-87.89854609508077,5.2841108201285465,3.271915463971377,-85.47351248711499,-1.1280436475375009,5.793521379333374,-53.240737668454344,45.489986766639674,-8.88252457325574,3.5627533680823023,-57.443828711123885,4.6564593597182995
-88.49228975275608,5.085405034856166,2.6183498466687656,-85.79527115299881,-0.9734896299121606,6.422589021624969,-47.713524757524105,33.708914555561535,-5.156691543937734,1.2629825475320093,-54.61382474265429,5.301642017176067
-89.01121838779389,4.9595252238930545,2.12147954219326,-86.15916405642822,-0.8081920977414544,6.969429640165286,-41.97855928651664,13.47677061912346,-0.5638182316703269,-0.20295606329228938,-47.63040117445883,6.119027269709796
-89.45662157765594,4.919352674389588,1.8126549686595652,-86.55363106971042,-0.635112086605362,7.3720665413720265,-36.935314093386886,-12.531884053477782,4.874687789729751,-0.713461141613174,-37.83405726868924,6.9131008387276065
-89.84165874095417,4.974027855359435,1.6891857899482137,-86.9653817800986,-0.46119614616810894,7.593573464692801,-33.19373207400691,-40.52732133327217,10.832100709330538,-0.3916793050559212,-26.658940053102185,7.471836262514957
-90.18771648624487,5.1246381994088415,1.7201115846709918,-87.38211527673744,-0.2956908311409509,7.623850383825383,-31.037313177438357,-66.34076662733636,16.714868758687608,0.442832845083225,-15.430190412187198,7.619023841964951
-90.51964161838214,5.360657466686364,1.8576283891817837,-87.7946436831037,-0.14763363242591207,7.477260467386362,-30.456355127349788,-86.02534548018177,21.780038853556785,1.3700458004297331,-5.228225147711994,7.263677990909881
-90.86089690968855,5.65860522971454,2.048173195461084,-88.19802378777115,-0.023238737979015694,7.187073482457514,-31.22578452951368,-96.40315659329397,25.289455687694566,1.9924251421819696,3.1678268000759267,6.429331253284971
-91.22950371888376,5.983908963004072,2.239398885153335,-88.59152107639164,0.07600863237657855,6.798262155478232,-32.97021640368087,-95.64935854805223,26.666587087496744,2.0527429133771053,9.26656865906799,5.251475389677506
-91.6352894952075,6.296085022886091,2.3829406754054183,-88.97747025898873,0.1539286500563475,6.360260565944184,-35.17689482009943,-83.77330341606401,25.635291584655004,1.5081878005711022,12.811165761056476,3.943066264054181
-92.0786735519159,6.5562741492223955,2.4357801634892393,-89.35934477908097,0.21870507556130955,5.920804567155807,-37.20210790719987,-62.71524853358901,22.320932636710115,0.5348925197443342,13.733815765930242,2.7414787013065505
-92.5510952636704,6.7352217699808925,2.363356455093726,-89.73955953904654,0.2807455782104086,5.521210285394746,-38.353801687878466,-35.94240021657677,17.278994079275805,-0.5357888048518544,12.159615727656398,1.8566977194117478
-93.03708091590529,6.819413714274603,2.1452450890737804,-90.1176234682889,0.35004117528435363,5.192847847696221,-38.0700090645458,-7.699381500833576,11.412593475798273,-1.3228815716272373,8.460700710756381,1.4344887694851063
-93.51768524163145,6.813500926183306,1.781252158557292,-90.48916593326062,0.4338168031479327,4.954461835478753,-36.123854836863686,17.8314485887165,5.776806369019468,-1.5045765747972617,3.310195397658551,1.5368597102594916
-93.97462339192411,6.7382573428858255,1.2944904446144463,-90.84609658484663,0.5350751013560072,4.810349437421904,-32.73957992747527,37.27532751826505,1.3226468451789857,-0.894441795043827,-2.333969819892608,2.1353913508114175
-94.39401468107523,6.624713266437938,0.7290180280947922,-91.17782454733377,0.6522893647896192,4.749878995433091,-28.531297447757435,48.6126367761939,-1.3306395588911843,0.5345170172896117,-7.356621909134944,3.1143173097819767
-94.7685822300394,6.506281661536046,0.1419130145289067,-91.47319328554839,0.7801650182889851,4.7490097824901465,-24.267048155700632,51.446338763030404,-2.0130726105597065,2.674110359283462,-10.707019465296295,4.285424397018677
-95.09760748837608,6.411207630776253,-0.4081162919862571,-91.72266120819319,0.9111658996155787,4.774163690621251,-20.563939826153195,46.92792447285214,-0.9810787209259016,5.330329122736735,-11.645462778349419,5.418823369370935
-95.38483186915366,6.357337658521644,-0.8722649969005474,-91.92025951857538,1.0373990053124666,4.788103873456732,-17.66900350354181,37.35193216860932,1.2123732764681692,8.270469306376802,-9.928225861043483,6.289139681050382
-95.63538048915754,6.350212441744339,-1.220129263387424,-92.06492480081373,1.1524252062104083,4.756717295209317,-15.433481721412829,25.52914288959007,3.88936481990439,11.254150948840579,-5.866374884747501,6.7281692039477345
-95.85313557335213,6.384316286656057,-1.4432543746948383,-92.16090899689586,1.2525932242356246,4.655160377154756,-13.474336534476297,14.120374272724959,6.404386083657816,14.05371088465119,-0.24140578118252048,6.667770766113487
-96.03960873323572,6.44647339565314,-1.5535332351369462,-92.21714114375163,1.3375993858684294,4.471941924025815,-11.416375458074715,5.112457081624733,8.259061279454494,16.47633759078454,5.890433062008087,6.156153617632274
-96.19450897661069,6.520112489630999,-1.5776786697806422,-92.24565965346665,1.4101666920077063,4.210111931325345,-9.082760848319117,-0.4496138567074377,9.168456658246638,18.39009810414348,11.443740002020897,5.339282152654983
-96.31738640449711,6.589318745535225,-1.5497048246625251,-92.25948535616267,1.474975764943744,3.885497195197839,-6.552748779797677,-2.457267180507163,9.082395010056596,19.74264284717737,15.535403815729742,4.413582939939872
-96.4093670287936,6.64196424612689,-1.503359822184036,-92.27046422107166,1.5371915866238004,3.522590533703722,-4.090017237628556,-1.5265016968714904,8.164540908839236,20.55980135991668,17.652926433846545,3.5681772040368864
-96.47417491045483,6.671536286756194,-1.466028631462554,-92.28760599052248,1.6010345397641141,3.1491291291969024,-2.0074261267811875,1.3160859433553143,6.732424833797263,20.922581149754727,17.73043463472238,2.937185357796195
-96.51814009042056,6.677531450655112,-1.4550591241625206,-92.3162762686535,1.6687982015040193,2.7905657170279614,-0.5447622860346941,4.953891678379911,5.169797351370793,20.933898630915078,16.12311986326702,2.5754627413378657
-96.54937699511557,6.664517151045611,-1.4768802044376912,-92.35832329623524,1.7405388909250261,2.465555425778037,0.19536711026811376,8.43973529992555,3.832791104075631,20.69012136871395,13.49180229588573,2.460369359838785
-96.57656355044905,6.640210841379161,-1.528674063683952,-92.4129346208832,1.8144296365454102,2.1832858969391413,0.2508813975544617,11.152607412773072,2.973854118786448,20.266906409486023,10.628598310361827,2.513569089474631
-96.60773626928733,6.613133161068404,-1.6017844857543224,-92.4778247172779,1.8875769578487298,1.943035213600787,-0.23443139388217898,12.838395126161355,2.7005632944339797,19.720087398399762,8.267520337822646,2.633051257557353
-96.64936057992037,6.590462783086085,-1.68567554395577,-92.55031902406145,1.957003394795988,1.7358396497661452,-1.0591197767474578,13.554774336979637,2.9748597978479077,19.095724553298524,6.9268985782782195,2.7256039647997974
-96.70576999752727,6.576612562552829,-1.7712738353400184,-92.6280250786507,2.0205078211364347,1.5476932002709525,-2.010896545937398,13.561594877879875,3.6471842300536657,18.44120624131899,6.820983176476936,2.7316165528339225
-96.77895762082846,6.572793651399912,-1.8529152049260107,-92.70900190089894,2.0771963125214596,1.3633937985281062,-2.904453886009129,13.19688146036591,4.512219365506576,17.811253433828703,7.856227472759774,2.636538830852872
-96.86865329251496,6.577523716556487,-1.9286814433068535,-92.79155223299755,2.1275894258387957,1.170085301927692,-3.605484967289293,12.768241039072715,5.36888274251214,17.266604152145437,9.7011105502441,2.46694618811447
-96.97261156338965,6.587765972635973,-1.9994347693563026,-92.87388333714819,2.1733292037209893,0.9597328825673603,-4.039260290549441,12.48007842686799,6.067593019595803,16.866345400978442,11.89879260187697,2.2738709323405297
-97.087049451954,6.600239706949291,-2.0671907324832146,-92.95388510239086,2.2166119797128294,0.7301335816235657,-4.186654282249391,12.407527629805703,6.533273215361999,16.656210548059484,13.986853651253771,2.1103045420368987
-97.20718913082294,6.612460571314067,-2.133551373205171,-93.02918930371773,2.2595411947727277,0.48447805541791844,-4.0727880725921155,12.515825768013439,6.7618848144618635,16.655580351816994,15.595470865474686,2.0114143778316285
-97.32786424896882,6.623230144598723,-2.1987634258716344,-93.09754688806339,2.303605402352487,0.2298305077438343,-3.7522137743302695,12.710731199122089,6.7978031513242545,16.846425422122273,16.506604924819804,1.9840530355024923
-97.44413909266993,6.632527105997858,-2.2616487314811895,-93.15742787735331,2.3494297152179473,-0.024896119513458714,-3.293241220725271,12.897640827184585,6.704497903469203,17.168164328262527,16.66751299229899,2.007678781304727
-97.5518774644879,6.640966312100294,-2.32029349585906,-93.20864431903227,2.3968422140189,-0.2708647421318986,-2.7643388715194357,13.027126090003401,6.540114719805111,17.522469850986074,16.162720166024183,2.0443463915084243
-97.64819180929209,6.64911680686983,-2.373101351946042,-93.25275496913483,2.4451833486111725,-0.5006873307438688,-2.2251564113025877,13.11197649375853,6.344558426804176,17.790070504889712,15.159226856883407,2.0529081670537637
-97.73171013335487,6.6569774512698014,-2.4197023241921105,-93.2930522854443,2.4937104780231225,-0.7090756626261392,-1.7226387668006518,13.212759958969631,6.138917446926277,17.857598276407003,13.847077191851469,2.0024322719419856
-97.80262561516106,6.663814557055177,-2.461294390372862,-93.33405136182493,2.5419358064403563,-0.8928958967377589,-1.2906507956526547,13.400195154835732,5.933447479314406,17.648210743404825,12.397095661692676,1.8812802199407863
-97.86253594046771,6.668415038152166,-2.5002343750895704,-93.38056095090428,2.5897817632664073,-1.050939803405921,-0.9507256458655811,13.7102962724907,5.737932227992223,17.147070359629687,10.947523525302211,1.7001138582563662
-97.91411804511037,6.66965621998286,-2.5390002377234238,-93.43656460266031,2.637519558755526,-1.183719608076208,-0.7124054642847812,14.111000303518779,5.569088195748746,16.413016497479624,9.614965646494502,1.4884965181692882
-97.96070622497028,6.667182116307925,-2.5789141804390523,-93.50422206083378,2.6855415133940483,-1.2934144939488261,-0.5734031874780527,14.496005368121189,5.45264123419242,15.57107774308363,8.511392613349434,1.2860497713395025
-98.00584741212593,6.661927710590833,-2.619152355234946,-93.58328543531915,2.734077385166089,-1.3838607486028627,-0.521123402751078,14.713293754999299,5.420121424434852,14.78581945497002,7.746984735592936,1.1305752032719758
-98.05290198789056,6.656258406915256,-2.6565100626203924,-93.6711122182789,2.7829817814968565,-1.4603295502219522,-0.5373748518543213,14.62233107906574,5.501380831726894,14.221393079246047,7.40976977369275,1.0465713994656247
-98.1047452327161,6.653595858985286,-2.6861411676191995,-93.76328229954962,2.8316886633898553,-1.5288688740412226,-0.6066878643750445,14.159125711219412,5.714330087593643,13.998852499422219,7.529347226973594,1.0376391942671477
-98.16360188299171,6.6575679048737575,-2.703131150210856,-93.85464797030791,2.879360365411878,-1.5951861322217793,-0.7254151087758945,13.381680234545481,6.054569580208685,14.162911276093322,8.043374021678208,1.085156954923184
-98.23101015058873,6.670899052895378,-2.704438414904434,-93.94052917074423,2.9251800978451303,-1.6633025161830837,-0.9060533607050798,12.475584539976115,6.488858597204564,14.668007772096399,8.786256911407435,1.1535763416254248
-98.30786698003523,6.6943774615527625,-2.690578046339554,-94.01774917563849,2.9686814964821284,-1.7343764255673113,-1.172557502522818,11.71634496306257,6.955971065003328,15.38786373784195,9.510675582715919,1.2005676190505958
-98.39447616807824,6.726240013707064,-2.666473389048674,-94.08527782126542,3.0099953536002078,-1.806092427250353,-1.5476705664564412,11.401536938042664,7.3759300280809,16.145539560349132,9.939708266045395,1.189028750839173
-98.49053108361905,6.762204566563318,-2.6411188536975176,-94.1443672087556,3.0499211792810708,-1.8728610810333643,-2.038105872428936,11.772714075221304,7.665512631719116,16.75523199300526,9.83652143388834,1.0978495822097707
-98.59501465769428,6.796194455072774,-2.625995574099376,-94.19818830337104,3.0897869310400896,-1.9268515477241435,-2.6241305320522494,12.943931600315068,7.756171678865871,17.06479544214782,9.072570725161743,0.9286038444303395
-98.70606189100198,6.821609858078496,-2.6324921031368733,-94.25107936890382,3.131126412274982,-1.9596654416486192,-3.256825769812932,14.850062506464212,7.610181264232516,16.989276362761196,7.674362538334073,0.706042761439769
-98.82087038728135,6.832852742162935,-2.6688691714585038,-94.30757986377267,3.1752608417115487,-1.9643071673363393,-3.862209604054038,17.22878985319021,7.2311702086553,16.529350345526634,5.83373762392771,0.47186702409819076
-98.93574660760031,6.826733055588194,-2.737525387124703,-94.37144030107767,3.22290183167559,-1.9370290388179923,-4.349603143686063,19.64969921589374,6.666207852702004,15.772550850772049,3.876512994155315,0.27343270288669264
-99.04634361155402,6.803389326511315,-2.833381816908355,-94.44478306823169,3.2738883798837213,-1.8786330383465182,-4.622999773247594,21.59517656125326,5.9984491721003215,14.877960753744128,2.195647819338383,0.15081733652216114
-99.1480912438609,6.766455565842201,-2.9440113885006727,-94.52756133216796,3.327133222957568,-1.7949011952350022,-4.5961282364900935,22.580692709109165,5.331616931903666,14.046506315838462,1.1643998801447126,0.12604079634378373
-99.2367544787302,6.722387803389451,-3.051681442314072,-94.6174285705059,3.380797554436489,-1.6959988082868938,-4.211201553262809,22.283456799740172,4.769467545340036,13.480509646882506,1.050249580810834,0.19741695289310873
-99.30900163415758,6.679085882435679,-3.1368911543532154,-94.71007788926056,3.432654466198378,-1.5949184043059652,-3.457630785786653,20.638742301254602,4.394293748057289,13.339017530215433,1.9512393771969567,0.34070930126326526
-99.36285056033424,6.644143820911631,-3.1825043682509087,-94.80002470912677,3.4805533175434533,-1.505256438552699,-2.383460580782281,17.87017849318719,4.248976730195702,13.69914905798226,3.772194465266884,0.5168052605282545
-99.39789873038444,6.623172247150929,-3.1773944431585246,-94.8816932172924,3.5228688327387707,-1.4387872259470897,-1.0931948777442606,14.442403797489296,4.327190573829466,14.535154226821268,6.247727118986172,0.6832762900721532
-99.41530938934471,6.6186238451139765,-3.1186811102210905,-94.95056068639859,3.558819250654937,-1.403375304691637,0.269314779094307,10.951171593369347,4.575140302039951,15.7229598478687,9.00498992061281,0.8057482710432428
-99.41758298107077,6.629418597388529,-3.0120635849637054,-95.00407155576603,3.5885730729075136,-1.4017121601494296,1.5489441970709015,7.984709540057999,4.905467040600607,17.0695731257236,11.648235750132,0.8654762907204292
-99.4081702153569,6.651444065782813,-2.8702809969747882,-95.04209492792326,3.613127043875934,-1.4311648348769743,2.6113928646780744,5.994756913643752,5.220133777853673,18.35818851329282,13.84255749436376,0.861362562743911
-99.39098800576957,6.678758175978799,-2.710199588336282,-95.06684425777911,3.634006658884592,-1.484727915871602,3.3712836623954074,5.209432076982191,5.435536578868847,19.39529609144143,15.375994381693705,0.8066541023910421
-99.3699038341464,6.7051256448071825,-2.54931795000799,-95.08233620163851,3.65288846331197,-1.5527762543171129,3.8080786088567846,5.606859399245228,5.501998181633683,20.047167355684216,16.186639676602802,0.7221012571794482
-99.34826779832358,6.725443194769505,-2.4025380180995812,-95.09357190816303,3.6712553481378207,-1.6251260774510181,3.9641291392100504,6.950108944001064,5.411856328908577,20.258417806320097,16.351974313260364,0.6281995082620158
-99.32858002263323,6.7366805250484845,-2.2798765296329604,-95.10565352316867,3.6901716186827347,-1.6928824673727798,3.9255997211472513,8.8654451210443,5.194664736835415,20.05161259102146,16.047855280767866,0.5392155274593404
-99.31235950269863,6.738152665537965,-2.185462821054582,-95.12301219437707,3.710215159753816,-1.7496755131274653,3.7940361020950255,10.935881091431126,4.902794733293739,19.511848068347994,15.4919668569305,0.4609426062146089
-99.30022171105944,6.731166344573732,-2.1178056377941408,-95.14885162462846,3.7315490090005015,-1.7921101541843227,3.6586743010957576,12.785406151634469,4.59379825244069,18.762884269723834,14.888892403743753,0.3926517922997669
-99.29209938458693,6.718258895440932,-2.0710280330036435,-95.18483602601398,3.754074299829227,-1.8194951916104285,3.5767475578228427,14.13985585987954,4.3159468149467966,17.941525843701427,14.390213487659654,0.3318516192670775
-99.2874906965519,6.702317623087209,-2.0366207535715004,-95.2309937953472,3.777591874509695,-1.8330987975731654,3.565212642579027,14.85864493310215,4.100384132728503,17.17562014825618,14.076074414332547,0.27913662812670526
-99.28561496558254,6.685832354654909,-2.0052462676859273,-95.2857739805433,3.801909997489491,-1.8352542293556016,3.604989272806376,14.93544406729659,3.9592336469648854,16.56919124568566,13.958254145597786,0.24044922920439973
-99.28539850664626,6.670438286291946,-1.9682101901438376,-95.34618244905191,3.826864002674135,-1.828604291993492,3.6565222853376156,14.469857225222018,3.887005828590175,16.196048222847743,14.000029256301142,0.2256098052018396
-99.28528932472317,6.656800196454192,-1.9183774588107614,-95.40794450201473,3.852253524450553,-1.8156541854303403,3.6817977664105563,13.618952773957995,3.86356348134631,16.100724993105636,14.14479269370393,0.24418117613718815
-99.28299156067807,6.644800469996763,-1.85051310145412,-95.46569670882735,3.877743968597157,-1.7986454938103513,3.664806446034034,12.544705917389397,3.8588372099128465,16.3032272448186,14.34328225514837,0.3011526832480806
-99.27529504134861,6.6339257841187225,-1.7612165566299174,-95.51329078813811,3.90280370540698,-1.7796222414100353,3.622479813540501,11.37555708914558,3.840182743386581,16.802905891184704,14.5685785596478,0.3944399432719578
-99.25821963673259,6.623700713767546,-1.6487243648557737,-95.5443554386069,3.926739655367952,-1.7604870994691115,3.6010895065683215,10.194736313754282,3.7818750206560336,17.578066897694605,14.81147652115348,0.5145512015784997
-99.22766388121971,6.614006574186755,-1.512823544988457,-95.55325500405341,3.9488490376121357,-1.7428790226233324,3.6581584602715105,9.055281052182224,3.6737283436066157,18.581563207791834,15.059183991117209,0.6456732022109305
-99.18062052773016,6.605172068586044,-1.3549522117449486,-95.5364744556023,3.9686447758799943,-1.7278324421785722,3.83645433784166,8.006755263149063,3.524540890713029,19.736261904821273,15.272162759714845,0.7675630429392817
-99.11680621782872,6.5978231422043985,-1.178359319541694,-95.49426023208906,3.986069975282041,-1.715335026638122,4.141160749691279,7.113611581347309,3.3580777428344737,20.93556021719269,15.376396169213214,0.8583072506847493
-99.04029614227214,6.592586777850912,-0.9880886664564548,-95.43211114728084,4.001615371649854,-1.703997589648286,4.530371379573958,6.455670328357283,3.2036251962278057,22.052330346540995,15.27887039538046,0.8981925339537007
-98.96053936961583,6.589799598676623,-0.7906100574826667,-95.36152337754841,4.016288327644598,-1.6910335960915406,4.923553593201926,6.114934978760767,3.0860870052475446,22.956167041383164,14.89993436727056,0.8741699975993192
-98.89205057038232,6.589348301920293,-0.5930836779322517,-95.29933702804948,4.031429791541463,-1.672630439930212,5.225332025919818,6.1558898473375985,3.019692958159051,23.535702163124036,14.20679725712834,0.7834067922430943
-98.85221036103195,6.590680768217481,-0.4023997230527252,-95.26518884183311,4.0484148771588195,-1.6446443017410965,5.35579626200075,6.603908833820137,3.0061573007861497,23.7207157435316,13.232603295825715,0.6342748715542176
-98.85700493792153,6.592923274851894,-0.224217036044303,-95.27698754290891,4.06829489124201,-1.603435410691496,5.275968918508106,7.427741963509343,3.035866835654649,23.49794526221688,12.07334297667362,0.4440988333839778
-98.91517814406906,6.5949796417587105,-0.06222538890078422,-95.34496179137756,4.091447740710566,-1.546620082700267,4.999233235226325,8.533427189934217,3.0905528818820605,22.91533335935623,10.864925660705214,0.23438594549388267
-99.02204628280573,6.595512039285142,0.08220683465542589,-95.46556152425713,4.117308052027969,-1.4735499484409535,4.585838732274858,9.774091202685089,3.1466653119627876,22.072342039180533,9.74983638675879,0.02522845204237343
-99.15493041911964,6.592805584320072,0.2099425599601199,-95.61711948295726,4.144252144755713,-1.3854133988427995,4.124518164398677,10.974916507127201,3.1794080688343644,21.098330201677047,8.844671009827326,-0.16919538329057585
-99.2725183632315,6.584647024079601,0.32360515010366964,-95.75945660865284,4.169711259763536,-1.2849599918397523,3.708900031095665,11.967018734778929,3.167539909330787,20.125275980412066,8.217851530049156,-0.342494447842176
-99.32020706561131,6.568428038642497,0.4268863437295529,-95.83930903445142,4.190566526127895,-1.1759498246310836,3.415972978612732,12.62042293696022,3.0984362266277645,19.263353201428263,7.88274497869155,-0.4946807148881579
-99.24241322332934,6.541659897697693,0.5238359815800484,-95.80241168622733,4.203829929779869,-1.0625031234348192,3.2910785978848764,12.867572544381677,2.9721916324661057,18.586425925180958,7.806081079380446,-0.6282383283165756
-99.00096562168129,6.502945967836802,0.6183077627601552,-95.61129630077451,4.207537938439345,-0.9485446242235147,3.341061071979233,12.71280575114499,2.8034287943300717,18.13000131763967,7.926833755211092,-0.7436804254389247
-98.59624373073113,6.45323849418818,0.7136468390525881,-95.26557437472536,4.201692607863331,-0.8374860572517502,3.535407030169668,12.226990246675575,2.6199127929116304,17.89920359608027,8.178541804351855,-0.8369947591327046
-98.08523525512658,6.3969796847014,0.81259273101199,-94.81916098738391,4.188999900515392,-0.7321836018785826,3.8144913104782874,11.530067807340156,2.4576945610801557,17.881296379606933,8.508401147695869,-0.9003294928936079
-97.5889542965437,6.342581125066031,0.9172781059041322,-94.38727915899695,4.175101678058757,-0.6350919318792476,4.10307573331777,10.766669010096788,2.353328195241601,18.05688209651131,8.888478468855444,-0.9254053802541462
-97.28162513579737,6.3017034359601665,1.0291693685534238,-94.13603053983871,4.168006894364951,-0.5484582476786386,4.326015446461758,10.080211194530662,2.3347477527392457,18.405580265998555,9.316948486251096,-0.9077230670596534
-97.35649157701918,6.286998581049475,1.1488365541601624,-94.24960300348752,4.176529842272015,-0.47438018802891246,4.423009481516535,9.589612831044583,2.41337298733551,18.90459928454416,9.809348241376783,-0.8494178546021363
-97.96837420117515,6.308362031514899,1.275539545562233,-94.87516325336752,4.207756318822718,-0.41459345052239804,4.3599098759732104,9.370979972877397,2.579947399621661,19.521148966962247,10.381787519475342,-0.7594393215358473
-99.16067081714442,6.36825174452889,1.4067330464836143,-96.05273096865756,4.263868863275602,-0.36995401073732115,4.1346142923395055,9.445157986308585,2.805361837208584,20.201505159280394,11.030563512291241,-0.6511052077989177
-100.7928610010225,6.457154003699597,1.5376832832677136,-97.64541531794437,4.339011461376634,-0.33972075880798513,3.7757978695585463,9.771629949396308,3.0460843648018217,20.860860505922084,11.714982639859432,-0.5382573982564206
-102.49122550242639,6.5506540741824235,1.6614242445268168,-99.29188314761576,4.417157588822512,-0.32088841517129296,3.333973105626169,10.250531669774231,3.252489640300311,21.379025334282893,12.350499325948665,-0.4316591372374322
-103.64730609362336,6.609621457924617,1.7692410063813115,-100.40476849859054,4.472029811895625,-0.307907132397645,2.8671856272611747,10.735768614696493,3.37791237608221,21.60708155265755,12.816655883125552,-0.3369481683960717
-103.48266997797475,6.584588026610507,1.8517541311647205,-100.23303873625521,4.469875938932226,-0.2930947449039065,2.426160794676469,11.060942740876026,3.3866637052117574,21.38855830716709,12.980025421527904,-0.2547802779844902
-101.18320587360621,6.424409918919285,1.9005138382424276,-97.99153256811405,4.375259401053432,-0.26787131594956737,2.0437101947018754,11.075473382667472,3.26017621164713,20.594769655838988,12.728022779564604,-0.18289550187395592
-96.08258735364849,6.087844824347547,1.9098201484154842,-93.0380634526519,4.1590077094097575,-0.22464725045795308,1.7310519557338566,10.683231091095047,3.0010059643717186,19.16809905153344,12.005563355916772,-0.11892214952297724
-87.8478256662816,5.555058641577253,1.8782936259981087,-85.05261398442958,3.8062985727398018,-0.15886233332796884,1.4813757031561987,9.873218754650694,2.6341073372979062,17.160939292280865,10.84368570465285,-0.06232895289868717
-76.59994990127583,4.83489777211199,1.809592748894369,-74.15387175082431,3.3219817203788375,-0.07044212372165237,1.2790196872205708,8.732001979248157,2.2041873147108086,14.753630461384986,9.368683654830509,-0.01456636866737484
-62.90452330223627,3.9639218543620247,1.7117339668637195,-60.88993766852901,2.730281986494372,0.03603284623147207,1.1102938060622338,7.4299064647696,1.7680923271683142,12.235040186061733,7.78319140803323,0.022350221255369916
-47.60550722515117,2.9956484104348506,1.594877798664466,-46.07756163325739,2.067693992208748,0.15273954974113302,0.9703633768638855,6.178105913215871,1.3824217923120978,9.93780012857292,6.317759452181987,0.047597697332435886
-31.552088647814454,1.983223256793159,1.4682101475720546,-30.537899747579605,1.3711813077460167,0.27115144671867597,0.8623954868681473,5.164048740936415,1.08883967781404,8.13969414486903,5.1633399577531405,0.062375739402956355
-15.3438028622483,0.963438362137397,1.3372871462842655,-14.850061842088408,0.6670997535318143,0.3845289722032943,0.7904809008547428,4.4889941711505035,0.9024859857764669,6.970651040540927,4.410564689617553,0.06945746834047081
0.768987850150792,-0.0493050128426807,1.2032662902420244,0.7449337913243548,-0.033198739624596796,0.48907073682998625,0.7525500142614343,4.14043038887599,0.8097631465387453,6.377130475827249,4.027929710122352,0.07203581933769765
179.9996656041593,-0.0008084046657091397,-1.3158927408126513,180.08576958632554,-0.0020421167334914577,-3.2776803321556995,-0.012157600765377665,0.012209550607998821,-0.020422018138894733,-0.12046268402780665,-0.12960563664125685,0.0024388821221158477
190.16226589934965,-0.2861994643697105,-1.171716144098521,179.98691312299135,0.0003450090421273141,-3.217309108487869,-0.08746551570191413,-0.1213205513553636,-0.09352639281899881,-0.6241028373204666,-0.3645598155647586,-0.012630975762038555
198.69449749753326,-0.5255457324030185,-1.026864921264605,179.84516868852555,0.0037579489229910765,-3.150637388216792,-0.16945687316204433,-0.2781657210762423,-0.17023271271650592,-1.159510638361678,-0.588534602821731,-0.030847916150468873
203.73097319386815,-0.6662709055963714,-0.8858511356769272,179.68799687561827,0.007532225838328285,-3.0773522486111258,-0.23130380373179021,-0.4123868003235101,-0.2241654579026766,-1.5462414735768872,-0.7120834869421622,-0.04742593601411043
203.11087526792156,-0.6476559868293132,-0.7518830131854706,179.5612219414388,0.010563059422362433,-2.996949682689002,-0.23720404901801775,-0.4582296299176756,-0.22130612033787012,-1.5491656228759516,-0.6272656817643958,-0.055536504897750805
194.60379108593804,-0.4072721857618214,-0.6267930807182762,179.5223076220278,0.01146864159765722,-2.9087566174052917,-0.14828683575381368,-0.33915806079528366,-0.12612851706811645,-0.9200451819841746,-0.22947733034737655,-0.04744064219393909
176.42214023398827,0.10458116685357073,-0.5110627214200455,179.62647783517698,0.008925256152734103,-2.8120209483021057,0.06840369768348446,0.016743922063372295,0.08950264848801259,0.5412556286161434,0.5537080611391879,-0.016409359938313894
147.88689747992592,0.9061982081749259,-0.40409831541170294,179.90696007691216,0.0021429502879955244,-2.706071676620684,0.42963027427307504,0.6576125574471249,0.4365422856500203,2.918496847472901,1.7337158114785787,0.04084989129859064
109.99947866472377,1.9684976593308172,-0.30496722141434707,180.35323231070723,-0.008612134259076247,-2.590528481834132,0.9274246680262207,1.5899574030650778,0.9011171215898454,6.124449177490513,3.242365956617739,0.12184959639480848
65.63318889768485,3.2098031893691514,-0.2136641777078696,180.89368955210412,-0.02160344753647718,-2.4655134103767335,1.5259590030913657,2.7687666051151156,1.4425656267716556,9.884509837522854,4.934263008522836,0.21689231643920945
19.148278341001156,4.506844699711122,-0.13258170097783817,181.39072341396732,-0.0335099324297478,-2.331793966570854,2.1667578115947435,4.101477064116474,1.9998737389570493,13.777785198939952,6.616678066622981,0.3094296120212208
-24.534456800647753,5.720950153198463,-0.06736715254950404,181.65583368356036,-0.039794748581345,-2.1907762356862293,2.78228408728718,5.4671220867081125,2.506311400954045,17.335376745555173,8.102206640216234,0.3787824768070368
-61.09579030005445,6.7307901423875025,-0.026283071704789218,181.48925729429507,-0.035663402830286295,-2.0442784643552696,3.3130825271076434,6.743680638829511,2.907349913432774,20.16336849113875,9.263288132057994,0.40504345721931356
-87.78115286722709,7.459432898242305,-0.017925802366943522,180.74244442404122,-0.017569289004474728,-1.8940565443491078,3.720921879333814,7.831727964768147,3.1741731814003478,22.03861054877707,10.062297938883342,0.3749381737168375
-103.84060970717849,7.886608134958209,-0.04822758104370828,179.39316597938503,0.014981055804487747,-1.7411232417277627,3.9936931934608886,8.667110264121904,3.3078095270513126,22.94362499107232,10.547358168118249,0.28667301509910914
-110.37878244741901,8.044331054735213,-0.11811073062063238,177.61383972006033,0.057791442957226546,-1.5849931123201266,4.142919092013791,9.222760441445404,3.3337283156078596,23.039825844074564,10.822520144035142,0.15178700412278748
-109.77382270576791,8.000403987634389,-0.22269402743795408,175.8065955284682,0.10114553860826947,-1.42307396348586,4.1967842888476365,9.504044179978985,3.2903194721198665,22.6000160700711,11.007877032994635,-0.007120448631044824
-104.92211758647424,7.837053235568818,-0.3521442676948119,174.57704135817298,0.13045529157600783,-1.2504831292150507,4.191317644090985,9.542269246778925,3.2162865220867176,21.928113994843237,11.203719111376689,-0.16237438142155286
-98.5454817140421,7.631383117343484,-0.49369980220930354,174.62574782310494,0.1288892202013311,-1.0605587671939447,4.161821513948697,9.388106074727121,3.141299008115128,21.289910692885474,11.467429472580346,-0.28895184684876335
-92.71374779725159,7.441948118802266,-0.6341855999998847,176.553788814809,0.08206285774015629,-0.8462351538060039,4.136396050566267,9.10392583778826,3.0819587029171984,20.86889858816893,11.806248494737535,-0.37110201395774833
-88.63673549045876,7.302939480881384,-0.7623664966949191,180.6051802637538,-0.0157649517657662,-0.6022475701826825,4.132729567464724,8.754277021029166,3.042658458946657,20.75082610240382,12.184542891439204,-0.4053770263093569
-86.6976980879656,7.225170758656509,-0.8706327207253044,186.40000277455525,-0.15528981063447467,-0.32784869536733724,4.157946029239524,8.396440489376987,3.019462928859015,20.93249847268503,12.541272329875266,-0.39930868120395824
-86.65091854739951,7.2016660944569955,-0.9557292215112732,192.73882327379428,-0.3074957424059398,-0.02941447991163776,4.210311031389878,8.074255686127788,3.005055156635671,21.34595297583216,12.812282128368446,-0.3670115368617191
-87.89084010073005,7.215244734608679,-1.0184950012617282,197.57050639291955,-0.4229380683745332,0.2779108997828414,4.281656757583088,7.8156650079858085,2.9931504518235594,21.888538351930364,12.951631546374193,-0.32391938630135786
